NA NA NA NA NA NA NA NA NA NA NA NA NA NA NA NA NA NA NA NA NA NA NA NA NA NA NA NA NA NA NA NA NA NA NA NA NA NA NA NA NA NA NA NA NA NA NA NA NA NA NA NA NA NA NA NA NA NA NA NA NA NA NA NA NA NA NA NA NA NA NA NA NA NA NA NA NA NA NA NA NA NA NA NA NA NA NA NA NA NA NA NA NA NA NA NA NA NA NA NA NA NA NA NA NA NA NA NA
NA NA NA NA NA NA NA NA NA NA NA NA NA NA NA NA NA NA NA NA NA NA NA NA NA NA NA NA NA NA NA NA NA NA NA NA NA NA NA NA NA NA NA NA NA NA NA NA NA NA NA NA NA NA NA NA NA NA NA NA NA NA NA NA NA NA NA NA NA NA NA NA NA NA NA NA NA NA NA NA NA NA NA NA NA NA NA NA NA NA NA NA NA NA NA NA NA NA NA NA NA NA NA NA NA NA NA NA
NA NA NA NA NA NA NA NA NA NA NA NA NA NA NA NA NA NA NA NA NA NA NA NA NA NA NA NA NA NA NA NA NA NA NA NA NA NA NA NA NA NA NA NA NA NA NA NA NA NA NA NA NA NA NA NA NA NA NA NA NA NA NA NA NA NA NA NA NA NA NA NA NA NA NA NA NA NA NA NA NA NA NA NA NA NA NA NA NA NA NA NA NA NA NA NA NA NA NA NA NA NA NA NA NA NA NA NA
NA NA NA NA NA NA NA NA NA NA NA NA NA NA NA NA NA NA NA NA NA NA NA NA NA NA NA NA NA NA NA NA NA NA 0.35 0.35 0.15 0.35 0.15 0.05 0.025 NA NA NA NA NA NA NA NA NA NA NA NA NA NA NA NA NA NA NA NA NA NA NA NA NA NA NA NA NA NA NA NA NA NA NA NA NA NA NA NA NA NA NA NA NA NA NA NA NA NA NA NA NA NA NA NA NA NA NA NA NA NA NA NA NA NA NA
NA NA NA NA NA NA NA NA NA NA NA NA NA NA NA NA NA NA NA NA NA NA NA NA NA NA NA NA NA NA 0.025 0.025 0.025 0.025 0.35 0.15 0.025 0.05 0.35 0.025 0.025 0.025 0.025 0.15 0.025 0.025 0.05 0.025 NA NA NA NA NA NA NA NA NA NA NA NA NA NA NA NA NA NA NA NA NA NA NA NA NA NA NA NA NA NA NA NA NA NA NA NA NA NA NA NA NA NA NA NA NA NA NA NA NA NA NA NA NA NA NA NA NA NA NA NA
NA NA NA NA NA NA NA NA NA NA NA NA NA NA NA NA NA NA NA NA NA NA NA NA NA NA NA 0.025 0.025 0.025 0.15 0.15 0.05 0.025 0.35 0.05 0.05 0.025 0.025 0.05 0.025 0.025 0.05 0.05 0.025 0.025 0.15 0.15 0.15 0.15 0.25 0.05 NA NA NA NA NA NA NA NA NA NA NA NA NA NA NA NA NA NA NA NA NA NA NA NA NA NA NA NA NA NA NA NA NA NA NA NA NA NA NA NA NA NA NA NA NA NA NA NA NA NA NA NA NA NA NA NA
NA NA NA NA NA NA NA NA NA NA NA NA NA NA NA NA NA NA NA NA NA NA NA NA NA 0.025 0.025 0.05 0.025 0.15 0.15 0.05 0.05 0.15 0.35 0.15 0.05 0.025 0.05 0.05 0.05 0.025 0.025 0.15 0.025 0.025 0.15 0.15 0.15 0.025 0.15 0.025 0.025 0.025 0.025 NA NA NA NA NA NA NA NA NA NA NA NA NA NA NA NA NA NA NA NA NA NA NA NA NA NA NA NA NA NA NA NA NA NA NA NA NA NA NA NA NA NA NA NA NA NA NA NA NA NA NA NA NA
NA NA NA NA NA NA NA NA NA NA NA NA NA NA NA NA NA NA NA NA NA NA NA 0.05 0.025 0.15 0.15 0.25 0.025 0.05 0.025 0.15 0.25 0.25 0.05 0.15 0.25 0.25 0.25 0.25 0.15 0.15 0.025 0.025 0.025 0.025 0.15 0.025 0.05 0.025 0.05 0.05 0.025 0.025 0.05 0.15 0.15 0.15 0.025 0.025 NA NA NA NA NA NA NA NA NA NA NA NA NA NA NA NA NA NA NA NA NA NA NA NA NA NA NA NA NA NA NA NA NA NA NA NA NA NA NA NA NA NA NA NA NA NA NA NA
NA NA NA NA NA NA NA NA NA NA NA NA NA NA NA NA NA NA NA NA NA 0.025 0.025 0.05 0.025 0.15 0.35 0.35 0.05 0.025 0.05 0.25 0.25 0.15 0.35 0.35 0.25 0.35 0.35 0.05 0.025 0.025 0.025 0.025 0.05 0.35 0.25 0.05 0.15 0.025 0.35 0.15 0.025 0.15 0.15 0.35 0.35 0.15 0.15 0.15 0.15 0.35 0.35 NA NA NA NA NA NA NA NA NA NA NA NA NA NA NA NA NA NA NA NA NA NA NA NA NA NA NA NA NA NA NA NA NA NA NA NA NA NA NA NA NA NA NA NA NA
NA NA NA NA NA NA NA NA NA NA NA NA NA NA NA NA NA NA NA 0.35 0.025 0.05 0.025 0.025 0.025 0.35 0.35 0.15 0.15 0.15 0.15 0.025 0.15 0.15 0.35 0.35 0.15 0.025 0.025 0.025 0.05 0.05 0.025 0.15 0.35 0.25 0.25 0.25 0.35 0.15 0.25 0.15 0.15 0.15 0.025 0.25 0.35 0.35 0.05 0.025 0.05 0.15 0.25 0.15 0.15 0.025 0.15 0.15 NA NA NA NA NA NA NA NA NA NA NA NA NA NA NA NA NA NA NA NA NA NA NA NA NA NA NA NA NA NA NA NA NA NA NA NA NA NA NA NA
NA NA NA NA NA NA NA NA NA NA NA NA NA NA NA NA NA NA 0.15 0.15 0.05 0.15 0.35 0.15 0.35 0.15 0.15 0.15 0.15 0.05 0.05 0.025 0.025 0.05 0.15 0.15 0.05 0.15 0.15 0.35 0.05 0.025 0.35 0.25 0.25 0.25 0.55 0.25 0.35 0.25 0.15 0.15 0.15 0.15 0.15 0.15 0.35 0.35 0.35 0.15 0.25 0.25 0.25 0.05 0.025 0.15 0.05 0.15 0.025 0.025 0.025 NA NA NA NA NA NA NA NA NA NA NA NA NA NA NA NA NA NA NA NA NA NA NA NA NA NA NA NA NA NA NA NA NA NA NA NA NA
NA NA NA NA NA NA NA NA NA NA NA NA NA NA NA NA NA 0.05 0.05 0.025 0.15 0.35 0.55 0.25 0.25 0.15 0.05 0.025 0.025 0.025 0.025 0.025 0.025 0.05 0.15 0.05 0.025 0.15 0.25 0.35 0.25 0.55 0.25 0.35 0.25 0.15 0.35 0.15 0.15 0.025 0.35 0.35 0.35 0.25 0.25 0.25 0.25 0.25 0.55 0.25 0.35 0.25 0.15 0.05 0.15 0.05 0.15 0.15 0.025 0.15 0.05 0.15 0.025 0.025 NA NA NA NA NA NA NA NA NA NA NA NA NA NA NA NA NA NA NA NA NA NA NA NA NA NA NA NA NA NA NA NA NA NA
NA NA NA NA NA NA NA NA NA NA NA NA NA NA NA NA 0.15 0.05 0.05 0.15 0.35 0.35 0.35 0.25 0.15 0.05 0.35 0.025 0.025 0.025 0.025 0.025 0.025 0.15 0.25 0.05 0.025 0.15 0.35 0.35 0.35 0.35 0.35 0.35 0.25 0.025 0.025 0.025 0.025 0.35 0.55 0.55 0.55 0.55 0.55 0.55 0.55 0.55 0.55 0.25 0.35 0.25 0.35 0.35 0.55 0.35 0.15 0.25 0.05 0.05 0.15 0.35 0.15 0.05 0.025 0.025 NA NA NA NA NA NA NA NA NA NA NA NA NA NA NA NA NA NA NA NA NA NA NA NA NA NA NA NA NA NA NA NA
NA NA NA NA NA NA NA NA NA NA NA NA NA NA 0.15 0.05 0.05 0.05 0.35 0.25 0.25 0.15 0.025 0.25 0.15 0.025 0.025 0.025 0.025 0.025 0.025 0.025 0.025 0.15 0.15 0.15 0.05 0.35 0.25 0.35 0.45 0.35 0.35 0.35 0.25 0.025 0.025 0.025 0.025 0.55 0.75 0.75 0.75 0.55 0.75 0.75 0.75 0.75 0.55 0.35 0.05 0.15 0.15 0.35 0.55 0.25 0.15 0.15 0.05 0.025 0.15 0.15 0.15 0.05 0.025 0.025 0.05 0.05 NA NA NA NA NA NA NA NA NA NA NA NA NA NA NA NA NA NA NA NA NA NA NA NA NA NA NA NA NA NA
NA NA NA NA NA NA NA NA NA NA NA NA NA 0.15 0.025 0.05 0.15 0.15 0.15 0.25 0.15 0.25 0.25 0.35 0.025 0.025 0.05 0.025 0.025 0.025 0.025 0.025 0.025 0.05 0.15 0.15 0.05 0.15 0.35 0.55 0.35 0.35 0.35 0.35 0.25 0.025 0.025 0.025 0.25 0.35 0.75 0.35 0.35 0.75 0.45 0.75 0.75 0.55 0.55 0.025 0.025 0.025 0.15 0.15 0.35 0.25 0.25 0.15 0.05 0.05 0.15 0.35 0.35 0.05 0.025 0.025 0.025 0.15 0.15 0.15 NA NA NA NA NA NA NA NA NA NA NA NA NA NA NA NA NA NA NA NA NA NA NA NA NA NA NA NA
NA NA NA NA NA NA NA NA NA NA NA NA 0.15 0.05 0.35 0.05 0.05 0.15 0.35 0.35 0.15 0.15 0.35 0.15 0.35 0.15 0.15 0.05 0.025 0.025 0.025 0.025 0.025 0.025 0.05 0.35 0.25 0.35 0.35 0.55 0.75 0.35 0.25 0.25 0.025 0.025 0.025 0.15 0.35 0.35 0.55 0.35 0.25 0.55 0.35 0.35 0.35 0.25 0.05 0.025 0.025 0.025 0.025 0.15 0.25 0.35 0.35 0.35 NA NA 0.05 0.025 0.15 0.25 0.15 0.15 0.05 0.025 0.05 0.05 0.15 0.25 NA NA NA NA NA NA NA NA NA NA NA NA NA NA NA NA NA NA NA NA NA NA NA NA NA NA
NA NA NA NA NA NA NA NA NA NA NA NA 0.35 0.35 0.15 0.15 0.35 0.25 0.55 0.35 0.15 0.15 0.25 0.15 0.05 0.15 0.35 0.025 0.025 0.025 0.025 0.025 0.025 0.025 0.025 0.25 0.25 0.25 0.55 0.55 0.55 0.55 0.25 0.05 0.025 0.025 0.025 0.25 0.35 0.35 0.35 0.25 0.25 0.25 0.25 0.25 0.35 0.15 0.05 0.025 0.025 0.025 0.025 0.15 0.25 0.35 0.35 0.25 0.25 NA NA 0.025 0.05 0.15 0.25 0.25 0.025 0.025 0.05 0.35 0.05 0.15 0.05 0.025 NA NA NA NA NA NA NA NA NA NA NA NA NA NA NA NA NA NA NA NA NA NA NA NA
NA NA NA NA NA NA NA NA NA NA NA 0.15 0.35 0.35 0.15 0.25 0.55 0.25 NA 0.55 0.35 0.35 0.15 0.15 0.35 0.15 0.15 0.05 0.05 0.15 0.05 0.025 0.15 0.05 0.15 0.15 0.35 0.25 0.25 0.25 0.25 0.25 0.15 0.15 0.15 0.025 0.25 0.75 0.35 0.35 0.35 0.25 0.35 0.35 0.25 0.35 0.35 0.25 0.15 0.025 0.025 0.025 0.025 0.15 0.25 0.25 0.35 0.25 NA 0.35 0.15 0.35 0.35 0.35 0.15 0.15 0.35 0.05 0.05 0.35 0.15 0.025 0.15 0.15 0.15 NA NA NA NA NA NA NA NA NA NA NA NA NA NA NA NA NA NA NA NA NA NA NA
NA NA NA NA NA NA NA NA NA NA 0.025 0.05 0.35 0.35 0.35 0.35 0.55 0.55 0.55 0.55 0.35 0.05 0.15 0.35 0.15 0.05 0.05 0.15 0.15 0.15 0.15 0.15 0.15 0.25 0.15 0.15 0.35 0.35 0.15 0.05 0.025 0.05 0.05 0.25 0.25 0.15 0.55 0.75 0.75 0.35 0.75 0.35 0.55 0.35 0.35 0.55 0.55 0.55 0.35 0.35 0.05 0.025 0.025 0.15 0.25 0.15 0.15 0.15 0.25 0.15 0.15 0.35 0.05 0.05 0.05 0.35 0.25 0.35 0.15 0.15 0.15 0.15 0.15 0.15 0.15 0.15 0.025 NA NA NA NA NA NA NA NA NA NA NA NA NA NA NA NA NA NA NA NA NA
NA NA NA NA NA NA NA NA NA 0.025 0.025 0.025 0.025 0.05 0.35 0.35 0.55 0.55 0.25 0.35 0.35 0.05 0.05 0.025 0.025 0.025 0.025 0.15 0.25 0.25 0.25 0.25 0.25 0.25 0.15 0.025 0.05 0.15 0.025 0.025 0.025 0.025 0.025 0.15 0.25 0.55 0.35 0.75 0.35 0.45 0.25 0.35 0.25 0.55 0.55 0.25 0.25 0.25 0.25 0.25 0.15 0.05 0.05 0.05 0.25 0.25 0.15 0.15 0.15 0.15 0.15 0.05 0.05 0.025 0.15 0.25 0.55 0.35 0.05 0.025 0.05 0.15 0.15 0.05 0.15 0.15 0.15 0.025 0.35 NA NA NA NA NA NA NA NA NA NA NA NA NA NA NA NA NA NA NA
NA NA NA NA NA NA NA NA NA 0.025 0.05 0.025 0.025 0.35 0.35 0.55 0.25 0.25 0.35 0.35 0.05 0.025 0.025 0.025 0.025 0.025 0.15 0.25 0.25 0.25 0.15 0.15 0.15 0.15 0.025 0.025 0.025 0.025 0.15 0.025 0.025 0.05 0.05 0.025 0.05 0.35 0.75 0.35 0.35 0.45 0.25 0.25 0.25 0.25 0.25 0.25 0.15 0.25 0.15 0.05 0.25 0.35 0.35 0.15 0.15 0.15 0.05 0.35 0.05 0.05 0.15 0.05 0.15 0.05 0.35 0.25 0.25 0.35 0.15 0.05 0.025 0.025 0.025 0.05 0.025 0.05 0.15 0.025 0.05 0.025 NA NA NA NA NA NA NA NA NA NA NA NA NA NA NA NA NA NA
NA NA NA NA NA NA NA NA 0.025 0.025 0.05 0.05 0.05 0.05 0.35 0.25 0.25 0.35 0.35 0.15 0.025 0.025 0.025 0.025 0.025 0.025 0.05 0.25 0.25 0.15 0.15 0.025 0.025 0.05 0.15 0.025 0.15 0.025 0.025 0.025 0.25 0.55 0.25 0.25 0.25 0.35 0.35 0.35 0.25 0.35 0.025 0.35 0.35 0.15 0.25 0.15 0.025 0.025 0.025 0.025 0.025 0.25 0.35 0.35 0.15 0.025 0.025 0.35 0.05 0.025 0.05 0.15 0.15 0.05 0.15 0.25 0.25 0.35 0.25 0.25 0.15 0.025 0.025 0.05 0.15 0.05 0.35 0.025 0.025 0.025 0.05 NA NA NA NA NA NA NA NA NA NA NA NA NA NA NA NA NA
NA NA NA NA NA NA NA NA 0.025 0.05 0.025 0.35 0.35 0.25 0.35 0.15 0.025 0.05 0.15 0.35 0.15 0.15 0.05 0.15 0.05 0.025 0.025 0.35 0.25 0.35 0.15 0.05 0.05 0.15 0.15 0.025 0.025 0.05 0.025 0.15 0.35 0.75 0.75 0.35 0.35 0.35 0.35 0.25 0.05 0.15 0.05 0.35 0.35 0.025 0.025 0.025 0.025 0.025 0.025 0.05 0.35 0.55 0.55 0.25 0.15 0.025 0.025 0.05 0.15 0.025 0.15 0.35 0.15 0.15 0.25 0.35 0.35 0.25 0.25 0.25 0.25 0.15 0.15 0.025 0.025 0.05 0.35 0.025 0.025 0.15 0.15 0.15 NA NA NA NA NA NA NA NA NA NA NA NA NA NA NA NA
NA NA NA NA NA NA NA 0.025 0.025 0.025 0.025 0.35 0.15 0.35 0.25 0.05 0.025 0.025 0.025 0.05 0.05 0.15 0.05 0.05 0.05 0.05 0.025 0.15 0.35 0.25 0.25 0.35 0.025 0.05 0.15 0.05 0.025 0.025 0.025 0.25 0.35 0.45 0.45 0.45 0.45 0.35 0.25 0.025 0.025 0.025 0.15 0.35 0.15 0.025 0.025 0.025 0.025 0.025 0.15 0.35 0.35 0.55 0.25 0.35 0.15 0.025 0.025 0.025 0.025 0.025 0.05 0.35 0.15 0.15 0.35 0.35 0.35 0.25 0.35 0.25 0.25 0.25 0.15 0.15 0.05 0.35 0.15 0.15 0.025 0.15 0.05 0.15 0.35 NA NA NA NA NA NA NA NA NA NA NA NA NA NA NA
NA NA NA NA NA NA NA 0.025 0.05 0.025 0.25 0.25 0.05 0.15 0.15 0.025 0.025 0.025 0.025 0.05 0.025 0.05 0.05 0.15 0.05 0.05 0.05 0.025 0.15 0.25 0.25 0.35 0.05 0.025 0.025 0.025 0.025 0.025 0.25 0.25 0.55 0.35 0.35 0.45 0.35 0.25 0.025 0.025 0.025 0.025 0.15 0.25 0.15 0.025 0.025 0.15 0.025 0.025 0.15 0.15 0.35 0.25 0.25 0.15 0.025 0.025 0.025 0.025 0.025 0.025 0.05 0.35 0.35 0.55 0.25 0.25 0.25 0.25 0.25 0.25 0.25 0.25 0.25 0.25 0.25 0.25 0.35 0.15 0.025 0.025 0.15 0.025 0.05 NA NA NA NA NA NA NA NA NA NA NA NA NA NA NA
NA NA NA NA NA NA NA 0.025 0.025 0.025 0.25 0.025 0.025 0.025 0.025 0.025 0.025 0.025 0.025 0.025 0.025 0.025 0.05 0.15 0.35 0.35 0.05 0.025 0.025 0.15 0.15 0.15 0.15 0.025 0.025 0.025 0.025 0.025 0.15 0.35 0.05 0.25 0.35 0.35 0.25 0.35 0.025 0.05 0.15 0.15 0.35 0.25 0.25 0.025 0.025 0.025 0.15 0.025 0.05 0.35 0.35 0.25 0.25 0.35 0.025 0.05 0.025 0.025 0.025 0.15 0.25 0.25 0.35 0.25 0.55 0.25 0.25 0.25 0.25 0.25 0.15 0.15 0.15 0.25 0.25 0.25 0.35 0.35 0.15 0.025 0.025 0.05 0.15 0.25 NA NA NA NA NA NA NA NA NA NA NA NA NA NA
NA NA NA NA NA NA 0.025 0.025 0.025 0.05 0.15 0.05 0.025 0.025 0.025 0.025 0.025 0.025 0.025 0.025 0.15 0.05 0.025 0.05 0.05 0.35 0.25 0.05 0.025 0.025 0.15 0.15 0.25 0.15 0.025 0.025 0.05 0.025 0.025 0.05 0.025 0.025 0.15 0.05 0.025 0.35 0.25 0.25 0.25 0.35 0.25 0.25 0.15 0.025 0.025 0.15 0.05 0.05 0.05 0.35 0.35 0.35 0.35 0.35 0.15 0.15 0.025 0.025 0.025 0.15 0.25 0.55 0.35 0.35 0.35 0.25 0.25 0.25 0.35 0.15 0.15 0.05 0.15 0.25 0.25 0.25 0.25 0.25 0.15 0.025 0.05 0.35 0.25 0.25 0.25 NA NA NA NA NA NA NA NA NA NA NA NA NA
NA NA NA NA NA NA 0.025 0.025 0.05 0.15 0.15 0.05 0.05 0.025 0.025 0.025 0.025 0.025 0.025 0.15 0.25 0.15 0.05 0.025 0.025 0.15 0.35 0.025 0.025 0.025 0.025 0.05 0.15 0.05 0.025 0.025 0.025 0.05 0.025 0.05 0.05 0.025 0.025 0.15 0.05 0.35 0.35 0.55 0.55 0.55 0.25 0.25 0.15 0.025 0.025 0.35 0.05 0.05 0.15 0.35 0.35 0.35 0.05 0.15 0.15 0.05 0.025 0.05 0.025 0.15 0.35 0.35 0.25 0.35 0.35 0.25 0.35 0.35 0.35 0.15 0.25 0.15 0.025 0.15 0.25 0.25 0.25 0.35 0.15 0.05 0.025 0.05 0.15 0.25 0.25 NA NA NA NA NA NA NA NA NA NA NA NA NA
NA NA NA NA NA NA 0.025 0.025 0.05 0.25 0.35 0.15 0.15 0.15 0.15 0.15 0.15 0.025 0.025 0.35 0.25 0.25 0.15 0.05 0.05 0.05 0.15 0.025 0.025 0.05 0.35 0.15 0.025 0.025 0.025 0.025 0.025 0.025 0.15 0.15 0.05 0.025 0.025 0.35 0.05 0.15 0.15 0.35 0.55 0.55 0.55 0.25 0.25 0.15 0.025 0.15 0.15 0.15 0.35 0.35 0.35 0.35 0.15 0.025 0.05 0.025 0.05 0.05 0.15 0.15 0.35 0.35 0.05 0.35 0.15 0.05 0.025 0.05 0.15 0.15 0.35 0.35 0.35 0.05 0.35 0.25 0.25 0.35 0.05 0.025 0.025 0.025 0.025 0.15 0.35 0.35 NA NA NA NA NA NA NA NA NA NA NA NA
NA NA NA NA NA 0.025 0.025 0.025 0.05 0.35 0.35 0.35 0.15 0.35 0.05 0.05 0.35 0.05 0.025 0.15 0.15 0.25 0.15 0.35 0.15 0.05 0.15 0.05 0.05 0.35 0.25 0.25 0.15 0.025 0.025 0.025 0.025 0.15 0.05 0.15 0.15 0.025 0.05 0.15 0.15 0.025 0.025 0.15 0.55 0.55 0.55 0.25 0.25 0.15 0.025 0.05 0.25 0.25 0.25 0.35 0.55 0.25 0.35 0.05 0.35 0.35 0.35 0.35 0.35 0.35 0.35 0.35 0.35 0.25 0.15 0.025 0.025 0.025 0.15 0.35 0.25 0.35 0.25 0.15 0.35 0.25 0.25 0.25 0.15 0.05 0.025 0.025 0.025 0.025 0.025 0.025 NA NA NA NA NA NA NA NA NA NA NA NA
NA NA NA NA NA 0.025 0.025 0.15 0.25 0.35 0.35 0.35 0.025 0.025 0.025 0.05 0.025 0.15 0.15 0.025 0.05 0.15 0.15 0.15 0.35 0.05 0.15 0.025 0.05 0.35 0.25 0.25 0.15 0.025 0.025 0.025 0.15 0.15 0.025 0.05 0.15 0.05 0.05 0.05 0.025 0.025 0.025 0.15 0.25 0.55 0.55 0.55 0.25 0.15 0.025 0.05 0.15 0.25 0.15 0.05 0.35 0.35 0.05 0.35 0.35 0.15 0.15 0.25 0.25 0.35 0.35 0.25 0.35 0.15 0.15 0.15 0.05 0.025 0.15 0.25 0.25 0.25 0.35 0.35 0.35 0.35 0.25 0.25 0.25 0.15 0.05 0.025 0.025 0.025 0.025 0.025 0.05 NA NA NA NA NA NA NA NA NA NA NA
NA NA NA NA NA 0.025 0.025 0.05 0.25 0.35 0.25 0.025 0.025 0.025 0.025 0.025 0.025 0.05 0.025 0.15 0.15 0.05 0.15 0.25 0.15 0.35 0.15 0.025 0.15 0.35 0.25 0.35 0.05 0.15 0.025 0.025 0.15 0.15 0.15 0.15 0.05 0.15 0.05 0.025 0.025 0.025 0.025 0.05 0.15 0.25 0.35 0.35 0.35 0.15 0.025 0.05 0.15 0.15 0.05 0.05 0.35 0.05 0.15 0.35 0.35 0.05 0.15 0.25 0.25 0.15 0.15 0.35 0.35 0.35 0.35 0.05 0.05 0.05 0.05 0.15 0.05 0.05 0.15 0.25 0.15 0.15 0.15 0.25 0.25 0.25 0.05 0.025 0.025 0.15 0.05 0.05 0.05 NA NA NA NA NA NA NA NA NA NA NA
NA NA NA NA NA 0.025 0.025 0.15 0.25 0.05 0.15 0.025 0.025 0.05 0.15 0.05 0.025 0.025 0.025 0.025 0.15 0.05 0.15 0.15 0.15 0.35 0.35 0.35 0.15 0.35 0.15 0.35 0.05 0.05 0.15 0.05 0.15 0.05 0.15 0.05 0.025 0.025 0.025 0.025 0.025 0.025 0.025 0.025 0.025 0.15 0.35 0.35 0.25 0.35 0.15 0.15 0.35 0.35 0.15 0.15 0.15 0.05 0.35 0.35 0.35 0.15 0.025 0.05 0.15 0.15 0.05 0.15 0.35 0.35 0.55 0.35 0.35 0.35 0.05 0.15 0.05 0.15 0.35 0.25 0.15 0.15 0.15 0.05 0.25 0.25 0.05 0.025 0.025 0.15 0.025 0.025 0.025 NA NA NA NA NA NA NA NA NA NA NA
NA NA NA NA NA 0.025 0.025 0.35 0.25 0.35 0.15 0.025 0.025 0.025 0.025 0.05 0.025 0.025 0.05 0.05 0.05 0.15 0.15 0.025 0.15 0.15 0.15 0.35 0.25 0.15 0.05 0.05 0.05 0.025 0.15 0.15 0.35 0.35 0.35 0.35 0.15 0.025 0.05 0.05 0.05 0.15 0.025 0.025 0.025 0.025 0.15 0.25 0.15 0.35 0.15 0.05 0.25 0.25 0.15 0.15 0.15 0.05 0.05 0.35 0.35 0.15 0.05 0.05 0.35 0.05 0.05 0.15 0.35 0.05 0.05 0.35 0.35 0.35 0.35 0.15 0.05 0.15 0.25 0.35 0.15 0.05 0.15 0.15 0.15 0.25 0.25 0.025 0.025 0.025 0.05 0.025 0.15 NA NA NA NA NA NA NA NA NA NA NA
NA NA NA NA NA 0.15 0.05 0.35 0.35 0.35 0.15 0.025 0.025 0.05 0.15 0.15 0.15 0.05 0.15 0.15 0.05 0.35 0.15 0.15 0.15 0.35 0.15 0.15 0.15 0.15 0.025 0.05 0.15 0.05 0.025 0.025 0.15 0.15 0.35 0.15 0.025 0.025 0.05 0.05 0.15 0.15 0.15 0.025 0.025 0.05 0.15 0.25 0.15 0.05 0.025 0.05 0.25 0.25 0.05 0.15 0.15 0.15 0.15 0.35 0.15 0.025 0.025 0.15 0.05 0.05 0.15 0.15 0.35 0.025 0.025 0.025 0.05 0.35 0.15 0.05 0.15 0.35 0.35 0.35 0.15 0.05 0.15 0.25 0.35 0.25 0.25 0.15 0.15 0.15 0.25 0.05 0.025 0.025 NA NA NA NA NA NA NA NA NA NA
NA NA NA NA NA 0.35 0.05 0.05 0.05 0.025 0.025 0.025 0.025 0.15 0.15 0.35 0.15 0.05 0.35 0.15 0.15 0.15 0.15 0.15 0.05 0.05 0.15 0.15 0.35 0.35 0.35 0.15 0.05 0.025 0.025 0.025 0.025 0.025 0.025 0.025 0.025 0.025 0.35 0.25 0.35 0.25 0.35 0.15 0.05 0.05 0.025 0.025 0.05 0.15 0.05 0.025 0.15 0.35 0.05 0.15 0.025 0.05 0.15 0.15 0.05 0.025 0.025 0.05 0.15 0.05 0.05 0.05 0.35 0.15 0.025 0.025 0.025 0.15 0.15 0.05 0.35 0.35 0.25 0.35 0.35 0.35 0.35 0.25 0.15 0.25 0.25 0.25 0.15 0.15 0.15 0.15 0.15 0.025 NA NA NA NA NA NA NA NA NA NA
NA NA NA NA NA 0.35 0.15 0.05 0.025 0.025 0.025 0.025 0.025 0.35 0.25 0.25 0.35 0.35 0.05 0.15 0.15 0.15 0.15 0.15 0.15 0.05 0.05 0.25 0.25 0.15 0.05 0.025 0.05 0.025 0.025 0.025 0.025 0.025 0.025 0.025 0.05 0.15 0.15 0.55 0.25 0.25 0.25 0.35 0.15 0.05 0.025 0.05 0.25 0.35 0.35 0.15 0.05 0.15 0.05 0.05 0.025 0.025 0.025 0.025 0.05 0.15 0.025 0.05 0.05 0.05 0.025 0.025 0.05 0.05 0.05 0.05 0.15 0.05 0.15 0.35 0.35 0.55 0.15 0.15 0.35 0.25 0.35 0.15 0.15 0.25 0.25 0.25 0.15 0.15 0.15 0.025 0.025 0.025 0.025 NA NA NA NA NA NA NA NA NA
NA NA NA NA NA 0.15 0.025 0.05 0.05 0.025 0.025 0.025 0.025 0.025 0.15 0.15 0.35 0.15 0.35 0.25 0.25 0.25 0.15 0.025 0.025 0.025 0.35 0.25 0.15 0.025 0.025 0.025 0.025 0.025 0.025 0.025 0.025 0.025 0.025 0.15 0.15 0.15 0.35 0.35 0.025 0.25 0.25 0.15 0.025 0.025 0.025 0.025 0.25 0.55 0.55 0.35 0.25 0.15 0.025 0.025 0.025 0.025 0.025 0.025 0.05 0.05 0.15 0.025 0.05 0.05 0.15 0.025 0.025 0.05 0.35 0.15 0.05 0.15 0.25 0.35 0.35 0.35 0.15 0.15 0.35 0.25 0.35 0.15 0.25 0.25 0.35 0.25 0.15 0.15 0.05 0.025 0.025 0.025 0.025 NA NA NA NA NA NA NA NA NA
NA NA NA NA NA 0.05 0.15 0.05 0.15 0.05 0.15 0.025 0.025 0.025 0.025 0.025 0.15 0.025 0.05 0.35 0.25 0.15 0.15 0.025 0.025 0.025 0.025 0.025 0.025 0.025 0.025 0.025 0.025 0.025 0.025 0.025 0.05 0.05 0.25 0.25 0.35 0.025 0.025 0.05 0.15 0.15 0.25 0.05 0.025 0.025 0.025 0.025 0.35 0.75 0.75 0.75 0.45 0.25 0.025 0.025 0.025 0.025 0.025 0.05 0.05 0.05 0.35 0.35 0.35 0.15 0.025 0.025 0.025 0.15 0.15 0.05 0.05 0.05 0.15 0.35 0.05 0.15 0.25 0.35 0.35 0.25 0.15 0.25 0.25 0.25 0.25 0.25 0.35 0.15 0.05 0.025 0.025 0.15 0.15 NA NA NA NA NA NA NA NA NA
NA NA NA NA NA 0.25 0.35 0.35 0.05 0.05 0.05 0.15 0.15 0.15 0.025 0.025 0.025 0.025 0.05 0.025 0.025 0.025 0.025 0.025 0.025 0.05 0.025 0.025 0.05 0.05 0.05 0.025 0.025 0.025 0.025 0.05 0.15 0.15 0.15 0.35 0.05 0.025 0.025 0.025 0.025 0.15 0.35 0.35 0.35 0.15 0.025 0.025 0.25 0.75 0.75 0.75 0.35 0.35 0.25 0.15 0.15 0.35 0.05 0.05 0.15 0.15 0.35 0.25 0.35 0.025 0.025 0.025 0.025 0.025 0.05 0.05 0.025 0.025 0.025 0.05 0.05 0.025 0.15 0.15 0.35 0.15 0.05 0.35 0.25 0.35 0.15 0.25 0.35 0.15 0.15 0.025 0.025 0.05 0.15 NA NA NA NA NA NA NA NA NA
NA NA NA NA NA 0.25 0.35 0.15 0.35 0.35 0.35 0.35 0.15 0.05 0.05 0.025 0.025 0.025 0.025 0.025 0.025 0.025 0.05 0.025 0.025 0.025 0.15 0.05 0.05 0.35 0.35 0.35 0.025 0.025 0.05 0.15 0.025 0.025 0.025 0.025 0.025 0.025 0.025 0.025 0.025 0.025 0.05 0.35 0.35 0.55 0.35 0.25 0.35 0.35 0.35 0.35 0.35 0.45 0.35 0.35 0.25 0.25 0.25 0.35 0.15 0.15 0.15 0.15 0.05 0.05 0.15 0.025 0.025 0.025 0.15 0.05 0.025 0.025 0.025 0.05 0.15 0.35 0.05 0.35 0.35 0.05 0.15 0.35 0.25 0.15 0.15 0.25 0.25 0.35 0.25 0.025 0.025 0.025 0.15 NA NA NA NA NA NA NA NA NA
NA NA NA NA NA 0.55 0.15 0.05 0.025 0.05 0.15 0.25 NA NA 0.025 0.025 0.025 0.05 0.05 0.15 0.025 0.05 0.05 0.15 0.025 0.15 0.15 0.025 0.25 0.025 0.05 0.025 0.025 0.025 0.025 0.025 0.025 0.025 0.025 0.025 0.15 0.025 0.025 0.025 0.025 0.025 0.025 0.35 0.55 0.55 0.55 0.25 0.25 0.25 0.55 0.55 0.35 0.45 0.35 0.35 0.35 0.25 0.25 0.15 0.15 0.05 0.025 0.15 0.15 0.35 0.35 0.35 0.05 0.25 0.35 0.35 0.05 0.15 0.15 0.35 0.35 0.35 0.35 0.35 0.35 0.35 0.05 0.35 0.35 0.35 0.05 0.15 0.25 0.15 0.15 0.025 0.15 0.025 0.05 NA NA NA NA NA NA NA NA NA
NA NA NA NA NA 0.55 0.35 0.05 0.025 0.025 0.025 NA 0.025 0.025 0.05 0.05 NA 0.15 0.15 0.15 0.15 0.15 0.15 0.25 0.25 0.25 0.25 0.25 0.25 0.15 0.025 0.025 0.025 0.025 0.025 0.025 0.05 0.025 0.15 0.025 0.025 0.025 0.025 0.025 0.05 0.15 0.025 0.025 0.35 0.35 0.35 0.35 0.25 0.55 0.55 0.55 0.35 0.35 0.35 0.55 0.35 0.35 0.25 0.05 0.05 0.15 0.15 0.25 0.15 0.25 0.35 0.35 0.15 NA 0.25 0.35 0.35 0.35 0.35 0.25 0.25 0.25 0.35 0.35 0.25 0.35 0.15 0.35 0.05 0.35 0.25 0.35 0.35 0.05 0.05 0.025 0.15 0.15 0.025 NA NA NA NA NA NA NA NA NA
NA NA NA NA NA 0.25 0.35 0.05 0.05 0.025 0.025 NA 0.025 0.025 0.025 0.05 0.15 0.15 0.15 0.25 0.25 0.15 0.15 0.15 0.15 0.15 0.15 0.15 0.25 0.25 0.15 0.05 0.025 0.025 0.025 0.05 0.15 0.05 0.15 0.15 0.025 0.025 0.025 0.25 0.25 0.25 0.15 0.05 0.025 0.025 0.05 0.35 0.35 0.35 0.55 0.55 0.35 0.35 0.55 0.25 0.15 0.15 0.025 0.025 0.025 0.025 0.15 0.15 0.05 0.15 0.05 0.025 0.15 0.35 0.35 0.25 0.25 0.35 0.15 0.35 0.25 0.35 0.25 0.15 0.25 0.35 0.35 0.35 NA 0.35 0.55 0.25 0.25 0.35 0.15 0.15 0.15 0.05 0.05 NA NA NA NA NA NA NA NA NA
NA NA NA NA NA 0.35 0.25 0.35 0.05 0.15 NA NA 0.025 0.025 0.15 0.15 0.15 0.25 0.15 0.25 0.25 0.15 0.05 0.15 0.15 0.15 0.15 0.15 0.15 0.15 0.15 0.025 0.025 0.025 0.025 0.025 0.025 0.025 0.025 0.05 0.025 0.025 0.15 0.25 0.35 0.55 0.35 0.15 0.05 0.025 0.025 0.15 0.55 0.55 0.55 0.55 0.35 0.15 0.025 0.025 0.15 0.025 0.025 0.025 0.025 0.025 0.05 0.35 0.05 0.05 0.025 0.025 0.025 0.15 0.35 0.15 0.15 0.15 0.15 0.25 0.25 0.25 0.35 0.15 0.15 0.35 0.35 0.35 0.35 0.35 0.55 0.55 0.35 0.35 0.35 0.35 0.35 0.15 0.025 NA NA NA NA NA NA NA NA NA
NA NA NA NA NA 0.25 0.25 0.025 0.05 0.15 NA 0.025 0.05 0.025 0.15 0.15 0.25 0.15 0.025 0.35 0.15 0.05 0.025 0.15 0.35 0.05 0.025 0.025 0.05 0.05 0.025 0.025 0.025 0.025 0.025 0.025 0.025 0.025 0.025 0.05 0.025 0.025 0.35 0.35 0.35 0.55 0.15 0.025 0.025 0.05 0.05 0.025 0.35 0.75 0.45 0.75 0.35 0.15 0.025 0.025 0.025 0.025 0.025 0.05 0.15 0.05 0.15 0.25 0.35 0.025 0.025 0.025 0.05 0.35 0.15 0.15 0.15 0.15 0.15 0.15 0.15 0.15 0.05 0.05 0.15 0.25 0.35 0.35 0.35 0.35 0.55 0.25 0.35 0.35 0.15 0.15 0.15 0.05 0.025 NA NA NA NA NA NA NA NA NA
NA NA NA NA NA NA 0.15 0.15 0.15 0.25 0.15 0.025 0.15 0.35 0.15 0.15 0.35 0.15 0.15 0.35 0.15 0.15 0.025 0.35 0.15 0.025 0.025 0.025 0.05 0.15 0.15 0.025 0.15 0.025 0.025 0.025 0.025 0.025 0.025 0.05 0.15 0.05 0.55 0.75 0.75 0.55 0.15 0.025 0.025 0.025 0.025 0.05 0.25 0.45 0.45 0.95 0.75 0.35 0.25 0.35 0.35 0.05 0.05 0.15 0.15 0.25 0.25 0.35 0.35 0.15 0.15 0.025 0.05 0.35 0.05 0.025 0.025 0.05 0.35 0.35 0.35 0.35 0.15 0.15 0.35 0.35 0.35 0.35 0.05 0.35 0.25 0.35 0.35 0.35 0.15 0.15 0.05 0.15 0.15 NA NA NA NA NA NA NA NA NA
NA NA NA NA NA 0.15 0.025 0.15 0.15 0.25 0.35 0.05 0.05 0.05 0.15 0.25 0.55 0.35 0.25 0.25 0.35 0.05 0.025 0.15 0.05 0.05 0.05 0.05 0.05 0.15 0.05 0.025 0.025 0.025 0.025 0.025 0.025 0.025 0.025 0.025 0.15 0.35 0.25 0.55 0.55 0.55 0.15 0.025 0.025 0.025 0.025 0.15 0.25 0.75 0.95 0.55 0.45 0.35 0.05 0.35 0.25 0.15 0.025 0.025 0.025 0.15 0.15 0.35 0.35 0.25 0.15 0.025 0.025 0.025 0.025 0.025 0.025 0.35 0.15 0.15 0.15 0.35 0.15 0.15 0.35 0.35 0.35 0.15 0.025 0.15 0.35 0.35 0.35 0.15 0.15 0.025 0.35 0.15 NA NA NA NA NA NA NA NA NA NA
NA NA NA NA NA NA 0.025 0.25 0.05 0.25 0.25 0.15 0.025 0.05 0.35 0.25 0.35 0.15 0.15 0.15 0.05 0.025 0.05 0.15 0.35 0.15 0.025 0.025 0.025 0.025 0.025 0.025 0.025 0.025 0.025 0.025 0.025 0.025 0.025 0.025 0.025 0.025 0.35 0.55 0.55 0.35 0.25 0.025 0.05 0.35 0.05 0.05 0.25 0.75 0.75 0.75 0.75 0.25 0.025 0.025 0.35 0.15 0.025 0.025 0.025 0.05 0.05 0.35 0.35 0.25 0.25 0.025 0.025 0.025 0.025 0.05 0.35 0.35 0.025 0.025 0.15 0.35 0.35 0.05 0.15 0.35 0.15 0.15 0.025 0.15 0.35 0.35 0.35 0.025 0.025 0.05 0.15 0.05 NA NA NA NA NA NA NA NA NA NA
NA NA NA NA NA NA 0.025 0.025 0.05 0.35 0.25 0.05 0.025 0.025 0.15 0.25 0.15 0.15 0.05 0.05 0.05 0.025 0.05 0.05 0.35 0.15 0.05 0.025 0.15 0.025 0.025 0.025 0.025 0.025 0.025 0.025 0.025 0.025 0.025 0.15 0.15 0.05 0.15 0.05 0.35 0.05 0.025 0.025 0.025 0.15 0.35 0.025 0.025 0.35 0.35 0.35 0.025 0.05 0.025 0.15 0.35 0.15 0.05 0.05 0.15 0.35 0.35 0.15 0.15 0.35 0.25 0.35 0.05 0.15 0.05 0.35 0.35 0.35 0.025 0.15 0.35 0.35 0.35 0.35 0.35 0.35 0.35 0.15 0.025 0.025 0.35 0.35 0.05 0.025 0.025 0.15 0.25 0.15 NA NA NA NA NA NA NA NA NA NA
NA NA NA NA NA NA 0.025 0.15 0.35 0.15 0.25 0.025 0.025 0.025 0.025 0.05 0.05 0.05 0.05 0.05 0.05 0.15 0.15 0.05 0.35 0.05 0.025 0.025 0.05 0.025 0.025 0.025 0.025 0.025 0.025 0.025 0.025 0.15 0.15 0.35 0.15 0.15 0.15 0.05 0.025 0.025 0.025 0.025 0.025 0.15 0.15 0.025 0.025 0.15 0.025 0.15 0.15 0.025 0.025 0.025 0.35 0.25 0.35 0.25 0.35 0.15 0.35 0.35 0.15 0.05 0.35 0.35 0.35 0.35 0.35 0.25 0.35 0.15 0.15 0.35 0.55 0.55 0.35 0.05 0.25 0.55 0.25 0.15 0.05 0.15 0.35 0.35 0.35 0.05 0.15 0.05 0.35 0.025 NA NA NA NA NA NA NA NA NA NA
NA NA NA NA NA NA 0.15 0.35 0.25 0.15 0.35 0.05 0.15 0.025 0.025 0.05 0.05 0.35 0.15 0.025 0.05 0.05 0.05 0.05 0.025 0.025 0.025 0.025 0.025 0.025 0.025 0.025 0.025 0.025 0.025 0.025 0.025 0.05 0.05 0.05 0.15 0.025 0.15 0.05 0.025 0.05 0.05 0.15 0.025 0.15 0.35 0.05 0.05 0.15 0.15 0.25 0.35 0.35 0.35 0.15 0.35 0.55 0.25 0.25 0.35 0.25 0.55 0.25 0.35 0.05 0.35 0.35 0.35 0.55 0.55 0.25 0.35 0.15 0.35 0.55 0.55 0.55 0.35 0.35 0.35 0.25 0.25 0.25 0.15 0.35 0.15 0.35 0.25 0.05 0.15 0.15 0.15 NA NA NA NA NA NA NA NA NA NA NA
NA NA NA NA NA NA 0.025 0.35 0.25 0.25 0.35 0.025 0.15 0.15 0.025 0.025 0.15 0.35 0.35 0.025 0.025 0.025 0.025 0.025 0.025 0.025 0.025 0.025 0.025 0.025 0.025 0.025 0.025 0.025 0.025 0.05 0.025 0.025 0.025 0.025 0.025 0.025 0.05 0.05 0.025 0.15 0.15 0.15 0.15 0.35 0.35 0.35 0.35 0.35 0.25 0.25 0.25 0.15 0.15 0.15 0.35 0.25 0.25 0.35 0.35 0.25 0.55 0.55 0.35 0.05 0.25 0.15 0.35 0.55 0.55 0.25 0.25 0.25 0.25 0.25 0.55 0.55 0.25 0.35 0.25 0.25 0.35 0.25 0.35 0.35 0.15 0.025 0.25 0.35 0.15 0.25 0.25 NA NA NA NA NA NA NA NA NA NA NA
NA NA NA NA NA NA 0.025 0.05 0.15 0.05 0.25 0.025 0.15 0.15 0.025 0.025 0.15 0.25 0.25 0.15 0.025 0.025 0.025 0.025 0.025 0.025 0.025 0.025 0.15 0.15 0.05 0.025 0.025 0.025 0.025 0.15 0.025 0.05 0.05 0.15 0.15 0.025 0.05 0.025 0.025 0.15 0.05 0.15 0.35 0.55 0.35 0.35 0.35 0.15 0.15 0.05 0.15 0.15 0.15 0.35 0.35 0.35 0.35 0.025 0.025 0.15 0.35 0.25 0.15 0.15 0.15 0.25 0.35 0.35 0.55 0.55 0.25 0.25 0.25 0.35 0.25 0.25 0.25 0.35 0.25 0.25 0.35 0.25 0.25 0.35 0.15 0.025 0.025 0.05 0.15 0.25 NA NA NA NA NA NA NA NA NA NA NA NA
NA NA NA NA NA NA NA 0.025 0.025 0.025 0.25 0.05 0.05 0.025 0.15 0.025 0.15 0.15 0.15 0.05 0.025 0.025 0.025 0.025 0.025 0.025 0.05 0.025 0.15 0.15 0.05 0.025 0.025 0.025 0.025 0.025 0.025 0.025 0.15 0.025 0.025 0.025 0.25 0.35 0.35 0.25 0.05 0.05 0.55 0.55 0.55 0.55 0.25 0.25 0.15 0.05 0.25 0.15 0.15 0.35 0.35 0.35 0.35 0.15 0.025 0.35 0.35 0.15 0.15 0.05 0.05 0.05 0.15 0.35 0.35 0.25 0.55 0.35 0.15 0.15 0.25 0.25 0.25 0.55 0.25 0.25 0.25 0.25 0.35 0.35 0.15 0.05 0.025 0.15 0.25 0.55 NA NA NA NA NA NA NA NA NA NA NA NA
NA NA NA NA NA NA NA 0.025 0.025 0.025 0.25 0.25 0.05 0.025 0.25 0.15 0.15 0.35 0.025 0.025 0.025 0.025 0.05 0.05 0.15 0.25 0.15 0.15 0.35 0.55 0.55 0.35 0.15 0.35 0.35 0.05 0.025 0.025 0.15 0.025 0.025 0.15 0.25 0.35 0.25 0.25 0.15 0.35 0.75 0.75 0.45 0.35 0.35 0.25 0.25 0.15 0.25 0.15 0.35 0.25 0.35 0.35 0.35 0.35 0.35 0.15 0.05 0.05 0.15 0.05 0.25 0.25 0.25 0.25 0.25 0.25 0.25 0.35 0.05 0.15 0.35 0.35 0.55 0.35 0.25 0.35 0.35 0.35 0.35 0.35 0.25 0.15 0.025 0.25 0.25 0.25 NA NA NA NA NA NA NA NA NA NA NA NA
NA NA NA NA NA NA NA 0.05 0.025 0.025 0.35 0.25 0.15 0.15 0.15 0.15 0.35 0.25 0.05 0.05 0.05 0.15 0.35 0.35 0.25 0.35 0.25 0.35 0.25 0.35 0.35 0.55 0.25 0.25 0.55 0.15 0.025 0.025 0.025 0.025 0.25 0.45 0.45 0.75 0.25 0.35 0.25 0.55 0.75 0.75 0.35 0.35 0.25 0.25 0.35 0.25 0.35 0.35 0.35 0.35 0.35 0.35 0.05 0.15 0.35 0.15 0.35 0.025 0.025 0.025 0.25 0.25 0.25 0.25 0.25 0.25 0.15 0.05 0.35 0.35 0.35 0.55 0.25 0.25 0.25 0.35 0.15 0.025 0.05 0.35 0.35 0.15 0.025 0.025 0.05 NA NA NA NA NA NA NA NA NA NA NA NA NA
NA NA NA NA NA NA NA NA 0.025 0.025 0.025 0.25 0.05 0.15 0.05 0.05 0.15 0.25 0.05 0.15 0.15 0.25 0.25 0.25 0.35 0.25 0.25 0.55 0.25 0.55 0.35 0.45 0.25 0.25 0.55 0.35 0.025 0.15 0.025 0.55 0.55 0.55 0.65 0.45 0.35 0.05 0.35 0.55 0.35 0.75 0.55 0.25 0.25 0.35 0.15 0.15 0.25 0.35 0.15 0.05 0.15 0.35 0.35 0.15 0.15 0.35 0.05 0.025 0.025 0.15 0.35 0.25 0.25 0.25 0.15 0.15 0.15 0.15 0.15 0.25 0.55 0.55 0.25 0.15 0.25 0.25 0.05 0.15 0.05 0.15 0.25 0.15 0.025 0.025 0.15 NA NA NA NA NA NA NA NA NA NA NA NA NA
NA NA NA NA NA NA NA NA 0.15 0.15 0.025 0.15 0.15 0.05 0.15 0.05 0.15 0.35 0.15 0.15 0.15 0.25 0.25 0.15 0.15 0.05 0.025 0.35 0.35 0.25 0.25 0.35 0.25 0.25 0.25 0.25 0.15 0.35 0.35 0.55 0.65 0.65 0.65 0.45 0.55 0.025 0.15 0.35 0.35 0.55 0.35 0.35 0.15 0.15 0.15 0.025 0.025 0.05 0.05 0.35 0.35 0.15 0.35 0.15 0.05 0.05 0.025 0.025 0.15 0.25 0.25 0.25 0.25 0.15 0.15 0.05 0.15 0.25 0.25 0.25 0.25 0.55 0.35 0.35 0.25 0.15 0.025 0.25 0.15 0.05 0.025 0.15 0.025 0.025 NA NA NA NA NA NA NA NA NA NA NA NA NA NA
NA NA NA NA NA NA NA NA NA 0.15 0.15 0.025 0.15 0.15 0.15 0.025 0.05 0.35 0.15 0.15 0.35 0.25 0.25 0.25 0.025 0.025 0.025 0.15 0.25 0.25 0.15 0.15 0.25 0.25 0.25 0.25 0.25 0.35 0.45 0.65 0.75 0.75 0.75 0.55 0.55 0.15 0.15 0.25 0.25 0.15 0.05 0.15 0.025 0.025 0.025 0.15 0.15 0.35 0.35 0.25 0.25 0.25 0.25 0.35 0.35 0.35 0.35 0.35 0.35 0.35 0.25 0.25 0.25 0.35 0.15 0.025 0.15 0.25 0.25 0.25 0.25 0.35 0.35 0.35 0.05 0.15 0.35 0.25 0.15 0.025 0.35 0.025 0.025 NA NA NA NA NA NA NA NA NA NA NA NA NA NA NA
NA NA NA NA NA NA NA NA NA 0.025 0.05 0.15 0.15 0.25 0.25 0.025 0.025 0.15 0.15 0.35 0.25 0.25 0.25 0.25 0.35 0.05 0.05 0.35 0.25 0.15 0.15 0.15 0.15 0.35 0.25 0.35 0.45 0.35 0.45 0.65 0.65 0.65 0.65 0.65 0.65 0.45 0.45 0.45 0.45 0.35 0.15 0.05 0.025 0.025 0.025 0.025 0.15 0.15 0.35 0.25 0.55 0.25 0.25 0.25 0.35 0.35 0.35 0.25 0.25 0.35 0.25 0.15 0.35 0.35 0.15 0.025 0.15 0.25 0.25 0.25 0.25 0.35 0.05 0.05 0.15 0.15 0.35 0.05 0.15 0.025 0.15 0.35 0.025 NA NA NA NA NA NA NA NA NA NA NA NA NA NA NA
NA NA NA NA NA NA NA NA NA NA 0.35 0.35 0.15 0.15 0.25 0.35 0.025 0.05 0.15 0.25 0.55 0.55 0.55 0.55 0.25 0.25 0.25 0.25 0.25 0.15 0.025 0.025 0.15 0.15 0.25 0.35 0.45 0.35 0.45 0.55 0.65 0.65 0.75 0.65 0.65 0.65 0.65 0.65 0.55 0.45 0.35 0.15 0.025 0.025 0.025 0.025 0.15 0.35 0.55 0.55 0.25 0.25 0.55 0.25 0.35 0.35 0.35 0.15 0.15 0.05 0.05 0.05 0.35 0.25 0.35 0.35 0.15 0.025 0.25 0.35 0.025 0.025 0.15 0.15 0.05 0.025 0.05 0.025 0.025 0.025 0.15 0.25 NA NA NA NA NA NA NA NA NA NA NA NA NA NA NA NA
NA NA NA NA NA NA NA NA NA NA NA 0.05 0.05 0.05 0.05 0.05 0.025 0.15 0.15 0.25 0.25 0.55 0.55 0.55 0.55 0.55 0.35 0.35 0.25 0.15 0.15 0.05 0.35 0.35 0.35 0.35 0.45 0.35 0.35 0.45 0.65 0.65 0.65 0.65 0.75 0.75 0.75 0.75 0.65 0.45 0.45 0.25 0.025 0.025 0.025 0.025 0.025 0.35 0.35 0.25 0.25 0.25 0.25 0.25 0.15 0.025 0.05 0.15 0.15 0.15 0.05 0.15 0.35 0.35 0.35 0.35 0.35 0.25 0.15 0.15 0.025 0.025 0.35 0.05 0.025 0.025 0.025 0.025 0.025 0.025 0.025 NA NA NA NA NA NA NA NA NA NA NA NA NA NA NA NA NA
NA NA NA NA NA NA NA NA NA NA NA 0.05 0.05 0.05 0.025 0.025 0.05 0.15 0.15 0.15 0.15 0.35 0.25 0.25 0.55 0.55 0.35 0.35 0.25 0.15 0.15 0.15 0.35 0.35 0.55 0.35 0.45 0.35 0.75 0.55 0.35 0.95 0.65 0.65 0.65 0.65 0.65 0.65 0.65 0.55 0.95 0.75 0.35 0.35 0.025 0.025 0.025 0.025 0.15 0.25 0.25 0.25 0.25 0.15 0.025 0.025 0.15 0.025 0.05 0.05 0.15 0.25 0.25 0.15 0.25 0.35 0.25 0.35 0.15 0.25 0.25 0.35 0.35 0.35 0.025 0.025 0.25 0.05 0.025 NA NA NA NA NA NA NA NA NA NA NA NA NA NA NA NA NA NA NA
NA NA NA NA NA NA NA NA NA NA NA NA 0.05 0.025 0.05 0.15 0.15 0.05 0.025 0.025 0.025 0.15 0.15 0.25 0.25 0.35 0.55 0.25 0.25 0.25 0.25 0.35 0.25 0.25 0.25 0.55 0.45 0.45 0.75 0.75 0.55 0.35 0.45 0.45 0.55 0.55 0.55 0.65 0.65 0.65 0.55 0.55 0.45 0.35 0.15 0.025 0.025 0.025 0.025 0.15 0.15 0.25 0.15 0.025 0.025 0.05 0.15 0.025 0.05 0.15 0.15 NA 0.25 NA 0.25 0.15 0.15 0.025 0.05 0.25 0.25 0.25 0.35 0.35 0.05 0.05 0.15 0.15 NA NA NA NA NA NA NA NA NA NA NA NA NA NA NA NA NA NA NA NA
NA NA NA NA NA NA NA NA NA NA NA NA NA 0.05 0.15 0.25 0.05 0.05 0.05 0.025 0.05 0.025 0.15 0.25 0.25 0.25 0.25 0.25 0.25 0.55 0.25 0.35 0.25 0.25 0.25 0.25 0.45 0.45 0.75 0.75 0.55 0.55 0.55 0.55 0.55 0.55 0.75 0.45 0.55 0.65 0.65 0.65 0.55 0.35 0.25 0.15 0.05 0.15 0.025 0.025 0.05 0.05 0.25 0.025 0.025 0.05 0.05 0.025 0.05 NA NA NA NA NA NA 0.25 0.25 0.15 0.15 0.25 0.25 0.25 0.35 0.15 0.25 0.05 NA NA NA NA NA NA NA NA NA NA NA NA NA NA NA NA NA NA NA NA NA NA
NA NA NA NA NA NA NA NA NA NA NA NA NA NA 0.05 0.05 0.025 0.15 0.15 0.15 0.15 0.05 0.15 0.35 0.25 0.25 0.25 0.35 0.25 0.55 0.25 0.35 0.35 0.25 0.25 0.25 0.45 0.45 0.35 0.75 0.75 0.95 0.95 0.75 0.75 0.75 0.75 0.45 0.55 0.65 0.65 0.75 0.45 0.35 0.35 0.15 0.025 0.05 0.025 0.025 0.025 0.025 0.025 0.025 0.025 0.025 0.025 0.025 0.025 0.025 0.05 0.35 0.35 NA 0.15 0.15 0.025 0.15 0.15 0.35 0.15 0.35 0.35 0.35 0.25 NA NA NA NA NA NA NA NA NA NA NA NA NA NA NA NA NA NA NA NA NA NA NA
NA NA NA NA NA NA NA NA NA NA NA NA NA NA 0.025 0.025 0.15 0.15 0.35 0.35 0.35 0.15 0.15 0.35 0.25 0.25 0.35 0.05 0.15 0.25 0.35 0.25 0.25 0.35 0.25 0.15 0.25 0.35 0.35 0.75 0.45 0.55 0.55 0.55 0.55 0.45 0.55 0.95 0.95 0.65 0.65 0.65 0.55 0.45 0.45 0.025 0.025 0.025 0.025 0.025 0.025 0.025 0.025 0.025 0.025 0.15 0.25 0.15 0.05 0.15 0.35 0.35 0.35 0.35 0.25 0.35 0.05 0.05 0.15 0.05 0.05 0.05 0.05 NA NA NA NA NA NA NA NA NA NA NA NA NA NA NA NA NA NA NA NA NA NA NA NA NA
NA NA NA NA NA NA NA NA NA NA NA NA NA NA NA 0.15 0.025 0.025 0.15 0.15 0.35 0.35 0.35 0.35 0.55 0.25 0.35 0.15 0.025 0.25 0.25 0.25 0.25 0.25 0.15 0.15 0.15 0.25 0.25 0.35 0.95 0.55 0.65 0.55 0.75 0.45 0.55 0.75 0.45 0.55 0.65 0.65 0.55 0.45 0.45 0.25 0.025 0.15 0.15 0.15 0.025 0.025 0.025 0.15 0.15 NA 0.25 0.25 0.15 0.35 0.35 0.35 0.35 0.35 0.25 0.15 0.15 0.15 0.05 0.025 0.025 0.025 NA NA NA NA NA NA NA NA NA NA NA NA NA NA NA NA NA NA NA NA NA NA NA NA NA NA
NA NA NA NA NA NA NA NA NA NA NA NA NA NA NA NA 0.025 0.05 0.025 0.05 0.35 0.25 0.35 0.35 0.25 0.25 0.25 0.15 0.025 0.05 0.15 0.25 0.35 0.35 0.25 NA 0.05 0.25 0.25 0.35 0.45 0.55 0.65 0.55 0.45 0.45 0.75 0.55 0.35 0.45 0.65 0.65 0.55 0.65 0.45 0.25 0.25 0.35 0.35 0.25 0.15 0.05 0.15 0.15 0.25 0.25 0.25 0.25 0.05 0.15 0.25 0.15 0.15 0.15 0.15 0.025 0.15 0.05 0.025 0.025 NA NA NA NA NA NA NA NA NA NA NA NA NA NA NA NA NA NA NA NA NA NA NA NA NA NA NA NA
NA NA NA NA NA NA NA NA NA NA NA NA NA NA NA NA NA 0.025 0.025 0.15 0.025 0.35 0.35 0.25 0.35 0.25 0.25 0.15 0.15 0.025 0.05 0.25 0.25 0.25 0.25 NA 0.25 0.55 0.55 0.55 0.35 0.45 0.55 0.55 0.45 0.35 0.35 0.35 0.45 0.45 0.65 0.65 0.65 0.55 0.55 0.75 0.55 0.35 0.25 0.25 0.15 0.15 0.15 0.15 0.35 0.25 0.25 0.25 0.35 0.55 0.35 0.025 0.025 0.025 0.025 0.15 0.15 0.025 NA NA NA NA NA NA NA NA NA NA NA NA NA NA NA NA NA NA NA NA NA NA NA NA NA NA NA NA NA NA
NA NA NA NA NA NA NA NA NA NA NA NA NA NA NA NA NA NA 0.15 0.15 0.05 0.025 0.35 0.25 0.55 0.35 0.25 0.15 0.25 NA 0.025 0.35 0.35 0.35 0.15 0.35 0.35 0.55 0.55 0.25 0.25 0.35 0.45 0.55 0.55 0.45 0.45 0.55 0.25 0.35 0.55 0.65 0.55 0.65 0.45 0.35 0.25 0.25 0.25 0.25 0.15 0.025 0.15 0.05 0.15 0.15 0.05 0.15 0.35 0.25 0.25 0.15 0.025 0.025 0.025 0.15 NA NA NA NA NA NA NA NA NA NA NA NA NA NA NA NA NA NA NA NA NA NA NA NA NA NA NA NA NA NA NA NA
NA NA NA NA NA NA NA NA NA NA NA NA NA NA NA NA NA NA NA NA 0.05 0.05 0.05 0.15 0.25 0.25 0.35 0.25 0.25 0.25 0.25 0.15 0.15 0.05 0.15 0.15 0.35 0.35 0.25 0.25 0.25 0.25 0.35 0.55 0.65 0.55 0.55 0.45 0.25 0.35 0.55 0.65 0.55 0.45 0.35 0.25 0.25 0.35 0.35 0.05 0.025 0.15 0.15 0.05 0.025 0.025 0.025 0.15 0.25 0.15 0.15 0.15 0.15 NA NA NA NA NA NA NA NA NA NA NA NA NA NA NA NA NA NA NA NA NA NA NA NA NA NA NA NA NA NA NA NA NA NA NA
NA NA NA NA NA NA NA NA NA NA NA NA NA NA NA NA NA NA NA NA NA 0.35 0.15 0.025 0.05 0.15 0.15 0.25 0.25 0.25 0.25 0.25 0.05 0.025 0.15 0.25 0.25 0.05 0.25 0.25 0.25 0.05 0.35 0.45 0.55 0.55 0.55 0.55 NA 0.25 0.25 0.35 0.35 0.35 0.25 0.25 0.025 0.025 0.025 0.025 0.025 0.05 0.15 0.35 0.025 0.025 0.05 0.05 0.025 0.35 NA NA NA NA NA NA NA NA NA NA NA NA NA NA NA NA NA NA NA NA NA NA NA NA NA NA NA NA NA NA NA NA NA NA NA NA NA NA
NA NA NA NA NA NA NA NA NA NA NA NA NA NA NA NA NA NA NA NA NA NA NA 0.025 0.025 0.05 0.025 0.05 0.15 0.15 0.05 0.05 0.15 0.35 0.35 0.35 0.25 0.25 0.05 0.05 0.15 0.025 0.15 0.35 0.45 0.45 0.45 0.45 0.25 0.25 0.35 0.35 0.25 0.25 0.15 0.15 0.05 0.05 0.025 0.025 0.15 0.025 0.05 0.05 0.025 0.025 0.15 NA NA NA NA NA NA NA NA NA NA NA NA NA NA NA NA NA NA NA NA NA NA NA NA NA NA NA NA NA NA NA NA NA NA NA NA NA NA NA NA NA
NA NA NA NA NA NA NA NA NA NA NA NA NA NA NA NA NA NA NA NA NA NA NA NA NA 0.025 0.025 0.15 0.05 0.025 0.025 0.025 0.05 0.05 0.15 0.25 0.35 0.25 0.15 0.05 0.05 0.025 0.15 0.55 0.35 0.35 0.35 0.55 0.25 0.05 0.025 0.15 0.025 0.025 0.15 0.05 0.05 0.05 0.025 0.025 0.025 0.15 0.05 0.025 NA NA NA NA NA NA NA NA NA NA NA NA NA NA NA NA NA NA NA NA NA NA NA NA NA NA NA NA NA NA NA NA NA NA NA NA NA NA NA NA NA NA NA NA
NA NA NA NA NA NA NA NA NA NA NA NA NA NA NA NA NA NA NA NA NA NA NA NA NA NA NA 0.025 0.35 0.025 0.15 0.05 0.15 0.15 0.35 0.25 0.05 0.05 0.025 0.025 0.05 0.25 0.25 0.15 0.35 0.25 0.25 0.25 0.025 0.025 0.025 0.025 0.025 0.025 0.025 0.025 0.025 0.025 0.025 0.025 NA NA NA NA NA NA NA NA NA NA NA NA NA NA NA NA NA NA NA NA NA NA NA NA NA NA NA NA NA NA NA NA NA NA NA NA NA NA NA NA NA NA NA NA NA NA NA NA
NA NA NA NA NA NA NA NA NA NA NA NA NA NA NA NA NA NA NA NA NA NA NA NA NA NA NA NA NA 0.25 0.05 0.025 0.15 0.025 0.35 0.25 0.05 0.25 0.025 0.025 0.15 0.25 0.05 0.15 0.025 0.35 0.25 0.25 0.025 0.025 0.025 0.025 0.025 0.025 0.025 0.15 NA NA NA NA NA NA NA NA NA NA NA NA NA NA NA NA NA NA NA NA NA NA NA NA NA NA NA NA NA NA NA NA NA NA NA NA NA NA NA NA NA NA NA NA NA NA NA NA NA NA NA NA
NA NA NA NA NA NA NA NA NA NA NA NA NA NA NA NA NA NA NA NA NA NA NA NA NA NA NA NA NA NA NA NA 0.025 0.025 0.025 0.15 0.15 0.25 0.05 0.05 0.15 0.15 0.025 0.025 0.025 0.15 0.15 0.35 0.025 0.15 0.05 0.025 NA NA NA NA NA NA NA NA NA NA NA NA NA NA NA NA NA NA NA NA NA NA NA NA NA NA NA NA NA NA NA NA NA NA NA NA NA NA NA NA NA NA NA NA NA NA NA NA NA NA NA NA NA NA NA NA
NA NA NA NA NA NA NA NA NA NA NA NA NA NA NA NA NA NA NA NA NA NA NA NA NA NA NA NA NA NA NA NA NA NA NA 0.15 0.25 0.05 0.025 0.15 0.15 0.15 0.15 0.025 0.025 0.025 0.025 0.05 NA NA NA NA NA NA NA NA NA NA NA NA NA NA NA NA NA NA NA NA NA NA NA NA NA NA NA NA NA NA NA NA NA NA NA NA NA NA NA NA NA NA NA NA NA NA NA NA NA NA NA NA NA NA NA NA NA NA NA NA
NA NA NA NA NA NA NA NA NA NA NA NA NA NA NA NA NA NA NA NA NA NA NA NA NA NA NA NA NA NA NA NA NA NA NA NA NA NA NA NA NA NA NA NA NA NA NA NA NA NA NA NA NA NA NA NA NA NA NA NA NA NA NA NA NA NA NA NA NA NA NA NA NA NA NA NA NA NA NA NA NA NA NA NA NA NA NA NA NA NA NA NA NA NA NA NA NA NA NA NA NA NA NA NA NA NA NA NA
NA NA NA NA NA NA NA NA NA NA NA NA NA NA NA NA NA NA NA NA NA NA NA NA NA NA NA NA NA NA NA NA NA NA NA NA NA NA NA NA NA NA NA NA NA NA NA NA NA NA NA NA NA NA NA NA NA NA NA NA NA NA NA NA NA NA NA NA NA NA NA NA NA NA NA NA NA NA NA NA NA NA NA NA NA NA NA NA NA NA NA NA NA NA NA NA NA NA NA NA NA NA NA NA NA NA NA NA
NA NA NA NA NA NA NA NA NA NA NA NA NA NA NA NA NA NA NA NA NA NA NA NA NA NA NA NA NA NA NA NA NA NA NA NA NA NA NA NA NA NA NA NA NA NA NA NA NA NA NA NA NA NA NA NA NA NA NA NA NA NA NA NA NA NA NA NA NA NA NA NA NA NA NA NA NA NA NA NA NA NA NA NA NA NA NA NA NA NA NA NA NA NA NA NA NA NA NA NA NA NA NA NA NA NA NA NA
