3 8 3 7 4 23 1 5 3 24 5 12 4 16 5 21 4 5 11 21 3 7 4 14 11 5 14 15 6 11 6 4 0 17 6 8 14 23 6 0 13 13 2 2 15 2 7 22 7 2 13 22 9 6 4 1 17 3 3 8 14 5 6 20 9 17 15 14 9 21 16 9 18 13 6 10 13 12 13 3 6 7 0 18 2 12 19 19 11 5 20 34 10 23 11 6 17 5 12 2 4 7 3 17 22 11 7 20
10 25 14 2 4 2 12 16 1 5 9 19 9 18 8 12 6 22 20 7 4 4 10 7 13 9 7 0 15 4 0 6 11 9 19 15 21 34 30 26 18 5 13 2 14 27 21 2 8 3 1 5 0 3 8 10 9 13 29 16 0 19 3 12 13 10 23 13 1 14 25 9 5 10 0 23 15 20 0 11 0 23 20 2 3 28 8 8 15 11 7 0 5 9 7 6 22 4 16 10 12 0 16 12 3 14 7 2
8 31 31 3 4 7 3 13 5 16 29 0 21 5 7 21 23 0 17 8 16 6 15 10 19 15 8 9 18 8 55 125 152 167 158 242 259 285 287 270 244 195 154 131 112 77 76 30 10 10 0 10 20 2 3 11 4 2 2 4 23 13 13 9 11 12 12 21 0 17 10 6 16 12 18 10 7 18 11 6 15 4 14 16 4 17 1 5 19 11 21 7 2 2 8 8 13 10 21 14 11 4 17 10 9 10 6 0
26 16 18 6 18 12 9 11 18 11 3 17 7 12 7 17 4 14 4 3 6 19 8 21 0 1 7 57 119 193 246 298 322 307 340 346 435 464 492 500 438 451 384 335 337 338 306 274 229 158 110 104 74 43 17 4 0 22 7 8 4 12 8 0 7 22 3 29 0 6 16 3 27 8 7 4 17 17 6 3 0 16 24 30 1 9 13 22 19 24 3 19 2 15 27 2 5 10 0 8 10 13 1 4 7 9 22 23
5 13 25 4 8 6 9 11 2 1 9 6 21 14 12 8 4 12 6 12 7 2 0 6 27 91 163 229 280 356 420 430 568 549 503 649 645 678 725 746 791 768 690 580 659 504 519 432 403 374 333 320 238 235 167 90 93 55 19 27 19 3 15 26 16 3 2 7 5 1 9 6 0 12 3 12 12 10 5 10 4 9 19 10 18 10 1 30 2 3 12 18 21 2 7 3 18 8 10 1 5 15 8 7 5 14 5 14
14 5 18 9 8 26 17 5 10 12 0 5 9 10 9 8 6 3 16 12 9 9 9 65 206 253 310 334 415 595 716 729 652 707 483 409 481 404 392 509 409 470 538 572 509 639 667 705 670 549 551 477 429 401 330 283 252 224 150 111 70 27 17 8 17 3 19 6 10 3 7 17 20 8 4 7 8 8 5 2 13 2 26 6 16 8 8 20 4 11 17 7 13 22 9 14 12 16 1 5 16 12 15 13 0 15 4 5
26 12 1 6 4 2 7 21 3 1 21 7 2 2 16 25 16 5 10 14 0 80 180 251 296 363 438 577 684 725 648 506 550 322 324 169 93 131 51 76 86 130 111 168 204 227 469 773 655 839 738 798 639 611 482 434 433 376 378 281 242 189 118 37 47 1 12 20 19 0 15 6 10 6 13 8 23 5 16 10 5 6 7 8 15 10 16 3 29 0 8 13 5 10 5 17 10 14 14 15 14 11 20 3 4 7 4 13
18 0 10 15 15 10 2 9 26 7 10 13 3 11 12 3 7 8 0 47 170 236 318 357 469 643 777 746 656 472 251 125 96 40 64 128 168 192 157 136 146 82 93 103 69 79 100 239 397 349 594 633 661 737 705 662 644 604 524 495 427 402 267 262 151 73 42 11 8 4 13 6 15 13 14 9 3 8 3 19 9 5 10 5 21 6 7 22 0 13 0 19 8 14 0 40 3 7 16 7 20 1 14 10 7 30 14 7
9 3 2 19 11 10 8 7 0 9 17 17 3 12 21 6 18 7 81 206 254 359 464 641 783 810 563 393 114 57 83 151 273 374 362 364 294 297 288 226 217 149 135 144 165 148 187 162 73 109 126 271 430 430 568 587 644 673 779 720 640 603 624 405 396 327 275 173 133 78 22 5 3 6 7 5 14 11 1 2 13 4 9 19 11 6 12 10 15 3 5 4 15 24 7 15 6 16 3 10 1 0 4 2 9 5 4 20
13 3 13 3 16 5 21 4 15 13 10 6 0 12 6 20 0 106 252 284 366 562 724 866 638 354 152 66 115 245 307 406 413 425 369 323 313 262 233 262 296 233 247 236 223 249 234 290 296 258 168 98 133 114 170 222 314 487 458 613 594 649 632 277 599 646 563 442 408 353 290 177 75 9 12 9 3 16 1 4 23 0 5 10 21 0 5 9 5 4 19 8 12 8 11 25 13 10 4 16 15 6 22 7 8 18 1 13
12 16 4 22 4 2 2 10 8 7 10 15 2 29 0 33 182 251 275 406 663 800 788 519 140 64 171 331 408 367 274 308 241 249 205 282 294 293 280 293 329 307 277 257 211 198 179 250 234 252 256 250 339 284 243 165 129 145 135 190 285 362 446 300 552 701 753 748 705 647 582 471 377 235 137 52 0 8 20 3 7 23 3 8 13 5 32 3 21 13 7 11 8 19 11 5 33 32 5 9 1 9 13 7 5 10 27 3
2 0 5 6 19 6 25 15 14 0 13 7 19 15 71 195 279 380 497 659 790 736 267 51 192 421 453 406 316 279 323 289 239 164 315 299 335 314 292 356 345 338 269 213 188 237 299 292 242 188 161 160 216 328 308 305 260 277 271 260 218 229 184 152 148 243 329 440 565 681 752 775 728 662 495 359 217 97 5 0 12 19 5 23 8 7 11 11 2 13 21 10 6 13 15 6 0 16 6 12 0 8 6 18 19 7 9 21
14 13 6 4 12 11 6 7 10 4 15 19 6 89 204 289 363 425 722 760 524 125 106 264 436 380 390 367 308 231 317 322 268 299 307 298 330 348 366 324 304 252 263 304 310 332 319 336 319 318 305 273 209 154 225 226 245 240 246 256 312 296 259 263 378 388 297 182 178 159 284 379 569 585 660 715 594 363 243 127 43 2 19 13 16 13 9 6 12 19 0 21 3 16 21 17 21 17 13 9 9 8 9 30 8 6 20 2
4 14 12 14 4 5 8 17 6 15 12 4 112 227 293 350 471 762 664 381 160 177 383 449 379 320 316 324 297 269 313 333 279 272 333 361 355 354 370 331 303 276 313 308 316 356 336 357 349 353 321 324 221 216 310 279 261 270 226 191 212 215 157 180 308 386 474 419 298 179 85 81 200 290 338 556 697 700 584 410 254 135 58 1 11 8 2 5 14 13 8 10 20 22 14 13 22 16 4 1 17 11 15 3 11 5 22 0
31 7 2 18 15 9 14 0 12 18 14 77 237 278 359 618 786 690 321 129 204 445 438 371 246 236 305 331 327 313 353 335 263 225 347 348 338 339 371 347 311 297 308 313 314 340 328 366 339 361 362 318 212 338 306 339 311 283 287 226 136 165 164 170 208 249 295 200 197 147 93 66 40 43 168 215 361 543 668 755 646 497 230 119 40 0 17 6 4 25 12 8 9 7 2 15 20 26 0 30 8 0 8 10 18 13 16 11
9 8 19 0 11 2 10 5 12 1 87 210 274 363 524 844 731 150 64 275 427 384 372 337 277 190 319 345 336 334 368 333 231 282 343 324 320 235 279 358 363 303 302 261 319 316 335 366 355 348 295 255 343 321 335 344 344 342 314 324 209 205 214 299 287 273 273 230 151 105 106 139 329 342 347 255 185 283 454 698 753 805 614 379 251 126 9 4 12 0 10 5 5 29 2 3 8 1 2 1 2 12 15 34 0 11 19 5
16 12 6 5 5 11 15 7 1 67 236 282 323 532 802 790 364 106 261 443 439 326 337 322 331 285 294 333 347 362 324 312 146 291 305 301 283 301 338 357 390 309 299 273 321 356 377 368 367 296 271 314 334 341 359 353 345 339 329 327 296 150 288 336 331 320 294 280 243 197 211 332 413 464 469 458 387 234 230 363 628 721 761 603 603 341 200 57 10 14 16 3 3 17 2 3 26 1 28 22 17 22 5 4 0 12 20 5
0 8 8 7 17 11 18 3 54 211 261 341 577 775 817 382 111 251 439 475 353 304 311 303 378 318 344 369 356 366 343 329 294 214 281 236 291 321 337 373 361 333 230 313 343 365 365 358 289 221 298 318 321 339 347 364 330 358 349 319 311 215 304 336 355 345 275 280 270 260 189 236 276 338 344 493 486 354 362 259 260 390 618 733 823 716 510 323 138 50 19 14 7 11 14 5 22 5 3 7 14 6 24 19 7 0 9 8
6 17 0 16 5 13 6 14 146 250 326 468 836 833 445 99 211 373 482 423 293 270 293 339 360 375 360 339 353 382 367 331 339 258 277 295 247 353 366 385 359 303 261 335 346 366 337 299 344 286 294 318 314 286 318 346 359 346 362 357 304 230 299 338 364 327 295 295 330 310 253 216 223 178 200 231 283 285 415 333 340 251 232 494 696 932 834 649 420 227 92 7 17 12 16 14 2 3 7 12 12 23 25 1 17 14 13 13
8 30 2 15 0 14 0 108 217 303 396 653 814 591 132 159 344 387 393 356 271 281 310 353 347 333 341 277 345 366 347 313 294 277 293 340 325 371 371 390 330 278 335 384 356 326 294 351 324 333 329 327 333 288 277 322 349 357 371 353 302 250 305 324 377 363 300 309 287 309 249 243 263 238 237 169 158 166 267 381 386 370 336 174 346 560 649 760 724 508 272 104 12 33 3 0 16 4 18 25 3 5 17 12 10 15 9 19
10 15 9 7 4 7 48 199 284 361 572 839 737 168 148 292 295 384 343 323 329 331 341 332 281 244 171 210 339 369 333 296 299 277 249 352 365 365 383 379 309 303 352 377 350 243 350 350 373 360 345 331 341 299 307 324 342 352 369 348 311 271 277 320 362 373 342 283 300 264 249 286 308 276 336 299 299 125 178 246 303 329 400 313 230 207 300 590 864 786 562 309 136 13 19 10 12 5 9 9 9 0 2 16 18 30 9 6
19 0 28 7 25 2 136 247 290 448 820 785 303 123 212 332 304 295 311 336 349 323 308 275 270 310 345 280 340 369 341 297 274 277 309 336 366 386 370 345 320 367 364 369 357 330 297 361 352 365 366 370 363 338 327 307 364 365 375 351 279 299 252 287 343 384 335 315 281 206 279 294 333 323 343 342 306 244 236 236 177 196 218 301 356 282 189 264 531 777 830 639 415 154 1 0 18 10 15 8 2 8 10 6 16 9 21 16
11 12 9 20 8 39 220 273 368 612 782 478 146 169 285 366 329 200 189 229 244 247 244 199 279 364 329 287 341 349 339 244 279 321 345 360 360 381 379 364 360 368 369 344 358 359 308 309 325 349 393 376 374 347 337 343 363 359 364 343 332 306 235 289 341 370 378 360 279 286 330 353 361 344 343 336 314 255 298 298 266 254 176 176 231 254 186 185 257 483 710 764 655 338 149 8 13 18 5 0 22 1 21 7 6 18 22 22
11 1 13 19 22 127 258 296 514 783 786 336 102 225 358 368 239 229 317 296 270 245 294 303 341 379 328 265 328 366 344 279 236 297 315 356 372 393 371 397 365 372 354 347 357 362 300 242 321 359 361 369 367 374 341 354 357 390 369 343 323 301 234 338 351 368 402 353 292 318 346 360 344 347 355 353 305 274 316 342 328 320 261 220 158 227 242 163 168 224 491 683 710 674 330 106 15 3 14 25 0 3 17 1 4 5 11 8
12 23 8 21 24 220 253 358 672 805 610 222 158 284 346 315 246 275 319 372 333 375 332 372 362 387 311 215 330 342 329 289 299 305 329 340 362 385 375 394 378 328 322 327 340 333 235 281 349 359 376 389 388 373 412 343 385 373 351 358 322 311 263 312 340 360 381 370 350 351 382 397 357 347 365 342 327 263 326 367 340 355 306 270 216 204 211 177 222 184 290 538 810 705 577 235 41 3 5 0 30 13 3 9 5 4 11 9
21 13 14 0 130 225 290 464 726 794 387 131 217 354 387 322 269 272 341 341 367 357 355 378 370 361 344 270 220 292 309 337 296 357 377 365 402 386 379 375 355 305 375 356 352 346 307 346 355 353 381 378 387 381 374 382 369 383 372 344 346 332 343 211 328 371 398 388 395 384 386 369 351 363 378 343 302 304 334 338 300 280 283 282 255 211 150 175 211 287 327 329 597 717 718 380 129 1 18 4 15 30 0 14 8 9 8 3
16 1 3 16 153 233 353 486 888 566 261 165 267 361 372 311 278 316 328 381 295 305 315 366 388 354 324 282 312 305 288 247 294 366 371 383 376 397 389 362 359 324 360 356 374 350 359 362 385 381 372 366 350 407 377 381 392 398 371 386 371 345 345 312 332 388 370 376 385 386 410 373 375 356 393 332 299 285 355 331 303 303 230 221 192 151 144 164 207 218 285 283 392 653 728 606 283 63 0 14 31 7 17 0 5 9 0 0
14 18 8 32 226 248 415 696 688 488 172 190 312 359 352 297 326 326 356 287 271 262 287 371 369 368 317 260 322 361 337 333 240 347 371 365 391 378 400 368 368 328 353 362 365 375 348 387 383 384 373 369 367 376 379 381 401 407 373 392 374 393 367 309 357 399 380 382 404 397 379 373 348 406 356 324 265 314 339 385 339 326 338 322 314 300 259 170 160 264 254 208 337 570 742 674 433 158 29 21 11 15 3 17 11 12 19 12
17 0 16 70 221 273 433 777 675 341 164 203 279 298 245 242 254 271 235 243 293 317 331 349 398 364 354 296 321 365 375 355 346 374 397 390 398 386 360 374 370 371 354 374 393 379 384 395 391 365 378 379 387 391 386 395 387 383 393 373 394 390 365 361 391 376 384 417 381 405 376 360 358 385 385 353 273 284 343 336 342 312 337 330 303 307 289 276 144 178 248 227 299 407 687 749 593 233 33 14 20 5 11 14 7 10 25 11
13 17 12 64 241 305 524 801 587 286 157 261 265 193 185 213 227 269 295 274 320 340 365 382 367 376 360 260 286 355 380 387 392 374 388 364 386 375 366 385 384 376 377 369 385 362 371 385 392 385 375 378 392 398 396 402 392 392 385 394 402 406 375 378 389 394 408 394 362 369 376 350 348 390 382 379 299 273 262 294 248 294 281 302 314 295 309 295 208 169 166 211 185 322 506 810 645 398 89 17 7 3 11 10 3 4 24 4
10 7 0 124 231 296 549 802 484 174 164 314 303 321 340 342 342 347 329 316 262 299 329 373 395 347 360 340 320 355 387 391 375 394 377 383 386 363 375 381 388 378 370 385 373 369 379 369 393 387 374 368 394 380 395 402 382 381 398 399 369 408 381 375 409 387 407 382 340 325 315 327 373 371 391 395 361 306 274 293 315 297 311 324 266 316 322 329 229 170 154 151 164 265 477 581 739 546 181 33 4 3 1 1 13 8 10 9
17 7 16 135 237 328 663 764 438 139 208 352 354 342 362 345 353 378 371 323 281 294 349 374 376 392 385 380 376 386 381 393 384 385 380 375 386 390 387 380 361 388 389 387 377 373 361 387 376 358 396 391 384 396 386 393 402 390 389 398 393 406 382 399 395 406 375 347 342 360 341 351 310 365 378 399 389 375 356 346 348 358 347 325 312 343 353 304 252 173 145 209 156 193 357 616 601 656 277 69 0 19 4 27 19 28 14 13
11 3 26 176 251 351 699 748 331 154 251 344 385 343 333 302 301 313 366 322 328 272 343 386 397 375 388 392 379 396 387 389 400 384 375 380 370 357 396 381 383 364 388 360 376 379 364 383 384 376 371 406 387 387 395 388 385 386 392 395 402 398 394 421 386 385 375 388 387 384 400 359 358 362 389 391 392 388 394 377 391 367 378 379 356 376 343 290 284 153 174 134 251 213 263 466 703 556 494 110 9 17 3 4 16 9 4 10
11 5 29 178 262 364 755 600 268 172 268 298 370 342 258 191 236 308 348 332 308 316 346 382 392 380 395 387 379 356 398 371 393 377 380 372 363 408 365 387 400 380 386 391 370 374 381 381 369 410 376 396 390 401 404 389 403 382 405 385 394 385 393 401 396 380 399 401 402 394 397 399 399 397 387 382 384 383 391 399 392 365 342 370 395 362 346 288 261 213 196 136 186 299 264 407 621 837 476 218 20 11 18 12 12 20 19 9
17 18 49 192 280 374 756 629 217 189 288 279 315 275 196 294 358 352 349 318 321 334 369 366 405 386 369 382 381 398 394 384 385 333 333 299 342 380 376 388 362 351 377 369 392 375 379 383 361 399 403 383 403 369 390 383 392 376 397 389 394 399 400 406 385 391 376 414 389 391 397 397 397 376 390 393 386 382 370 393 381 363 365 354 377 375 329 270 284 237 249 216 185 286 283 334 472 779 537 306 49 13 7 13 15 5 14 25
11 4 45 197 268 433 737 659 183 213 303 250 268 227 284 335 329 360 350 332 312 379 392 376 378 389 379 383 379 374 367 379 355 328 254 324 361 365 332 336 334 341 369 374 393 352 368 378 383 386 400 383 393 372 391 376 376 390 402 388 395 390 396 397 382 371 379 379 392 392 386 397 383 392 358 356 385 375 395 384 383 360 368 344 367 382 348 314 292 234 285 242 177 257 271 307 450 700 802 312 120 3 8 4 17 0 14 5
7 7 60 222 275 414 749 448 164 195 251 264 240 208 321 349 316 277 294 314 360 378 390 349 330 337 313 379 399 352 353 385 368 336 320 288 342 340 323 311 344 325 365 357 352 330 350 385 377 381 357 386 378 348 304 349 368 351 404 376 392 373 361 334 356 339 333 329 362 354 370 388 397 370 322 311 341 397 370 389 381 398 359 373 380 385 392 327 312 287 266 271 225 199 308 300 397 659 704 440 143 17 7 28 4 9 6 4
15 8 57 207 277 444 729 612 118 200 246 276 192 226 285 285 309 281 337 371 377 375 380 332 336 307 321 368 367 320 325 352 387 366 310 217 326 339 327 305 335 327 355 351 332 327 336 367 367 342 373 352 362 359 314 280 354 367 370 353 350 333 311 317 290 308 325 312 302 325 344 396 388 369 347 263 295 340 395 378 389 381 381 361 362 377 373 349 365 336 294 286 242 164 241 289 338 548 658 459 190 15 13 6 5 8 1 10
21 5 88 208 276 429 734 536 139 188 223 247 266 160 198 327 340 328 357 366 368 366 363 335 303 302 348 364 343 326 292 356 382 363 316 262 321 344 319 318 322 342 345 339 306 343 341 339 350 332 359 344 373 342 329 290 345 360 358 332 377 340 383 344 348 316 286 290 250 330 315 363 352 381 331 316 211 340 347 391 353 370 330 321 327 362 337 335 346 319 305 253 214 136 218 319 359 470 577 425 205 8 17 10 0 10 6 7
16 7 65 188 262 423 748 456 131 174 253 252 243 223 192 312 327 339 376 323 339 361 364 351 296 317 336 349 334 329 339 341 363 377 340 336 312 318 365 290 336 334 334 338 325 329 343 333 327 352 345 357 354 316 318 327 313 365 328 349 340 359 365 373 340 380 347 341 321 259 305 344 375 356 373 354 241 324 341 354 333 316 295 292 325 331 312 296 319 323 295 171 163 170 277 450 313 473 763 497 158 0 3 0 11 16 3 0
13 8 75 199 270 371 670 534 69 179 144 88 113 133 196 243 283 328 356 337 336 338 326 339 301 323 337 329 313 286 327 343 344 324 343 319 286 300 329 323 326 349 324 304 293 332 276 325 351 357 337 350 346 358 310 324 301 321 354 338 345 334 348 345 353 334 319 327 323 303 250 321 346 343 341 335 212 337 327 338 308 337 271 188 216 309 314 222 139 205 151 211 232 222 360 476 367 381 601 477 172 7 13 2 14 13 21 11
4 9 69 198 256 332 640 574 117 102 73 57 73 128 154 199 218 221 209 239 255 258 243 228 231 221 313 294 247 285 275 326 343 329 336 316 275 240 305 290 232 229 259 233 216 237 250 302 303 313 335 334 333 283 290 259 309 295 263 275 287 309 332 321 333 301 322 284 255 229 212 251 278 275 290 225 165 207 267 252 244 220 196 202 149 173 145 216 176 220 169 48 39 223 323 531 328 326 532 454 209 0 17 9 6 6 22 3
11 18 78 149 274 344 730 602 140 87 66 37 118 131 175 249 312 311 316 287 201 262 272 280 284 285 236 229 194 217 264 175 175 202 223 230 240 286 263 222 248 268 253 252 253 198 242 278 295 306 270 250 247 316 293 290 298 309 308 291 308 312 305 311 283 325 204 211 343 322 268 286 343 261 216 179 342 328 328 302 274 230 195 247 329 314 202 238 224 180 213 238 230 162 314 492 323 375 263 372 193 21 16 1 9 16 22 19
7 19 35 160 274 341 653 610 212 68 140 150 213 222 212 278 340 325 355 326 327 313 319 333 349 348 326 322 323 302 335 336 365 337 329 317 333 331 322 333 331 315 333 322 320 258 324 343 341 333 338 333 346 352 343 324 291 312 322 338 323 340 328 338 323 341 339 340 359 312 333 315 339 328 333 308 333 335 317 316 323 296 310 313 332 332 306 304 304 284 229 184 114 158 257 388 311 374 537 481 160 10 14 13 12 7 2 18
6 3 59 140 271 339 674 697 374 90 151 175 230 216 252 285 316 333 353 361 333 328 344 361 358 355 360 324 327 346 374 348 345 358 344 357 326 329 347 341 326 334 327 355 345 264 309 346 341 373 370 335 349 376 345 265 310 348 335 361 352 363 341 358 351 350 325 334 370 364 317 371 360 357 329 309 332 363 355 344 319 325 314 333 364 339 284 320 307 283 230 221 137 93 294 437 292 414 469 417 157 10 6 4 7 18 7 5
16 21 16 168 237 285 524 792 242 119 234 298 276 310 272 317 342 319 354 336 316 333 373 371 391 371 364 316 346 329 370 352 362 360 338 338 327 319 320 295 339 297 355 352 342 314 347 342 357 362 369 371 384 364 315 266 343 337 351 380 341 359 369 367 383 345 362 343 362 366 372 370 383 361 321 315 343 386 352 349 339 316 328 348 375 342 305 283 295 300 206 184 166 105 332 309 330 451 468 401 175 5 11 2 9 0 1 9
9 0 23 128 229 310 505 690 339 179 222 229 261 286 297 332 341 333 352 364 346 365 353 364 382 364 376 324 307 339 371 355 353 328 351 369 358 359 331 295 223 310 371 335 344 320 343 350 376 375 387 388 395 345 274 313 337 368 362 353 366 365 367 390 365 360 344 372 359 370 360 363 399 360 353 326 400 373 380 383 375 376 359 382 362 362 333 277 296 292 264 246 119 169 314 354 277 565 710 410 98 11 15 9 0 11 19 2
12 4 8 95 219 324 484 729 574 168 192 297 278 283 260 334 349 355 381 385 369 393 371 396 377 375 370 334 310 307 368 385 363 338 362 356 386 343 355 322 314 368 377 367 323 309 341 363 372 375 384 406 391 368 320 348 352 383 406 380 386 379 384 389 386 383 356 361 367 375 403 376 399 375 388 377 384 383 371 406 377 359 376 359 372 377 371 307 279 273 276 208 145 244 258 290 359 702 762 432 79 19 13 6 6 8 1 14
10 18 2 63 218 270 439 713 674 140 177 248 313 274 247 258 308 328 354 345 359 373 383 375 393 385 363 377 260 339 365 379 357 352 335 372 332 327 323 316 323 378 374 381 358 339 352 381 372 382 403 401 390 371 385 380 387 373 389 403 386 389 383 404 374 382 368 384 387 393 363 396 379 381 381 389 395 384 387 414 359 375 339 345 331 337 391 313 275 258 251 195 179 247 275 251 461 795 665 284 47 3 30 2 10 10 4 8
10 9 15 32 198 279 439 680 724 246 162 248 268 290 289 299 260 251 259 285 308 363 365 375 388 398 389 372 351 364 386 369 348 345 329 340 316 235 262 347 348 364 382 377 398 378 390 404 388 387 387 385 390 377 373 395 399 394 392 397 395 382 403 375 412 379 392 380 383 389 385 382 383 364 385 373 371 346 361 327 344 312 313 288 320 348 366 333 265 257 238 175 185 274 196 349 568 787 555 201 28 8 11 12 4 14 6 18
23 13 10 26 207 248 425 713 739 298 127 253 281 270 340 330 313 307 300 267 293 329 359 377 373 384 382 402 377 387 397 385 364 362 348 357 344 349 359 358 387 383 375 383 390 394 389 380 384 365 391 373 402 379 394 392 373 400 397 389 378 386 389 384 387 362 391 398 391 389 392 382 381 376 384 394 368 323 303 250 262 250 298 321 331 343 340 329 290 280 238 167 225 297 253 438 729 797 365 159 4 24 6 16 6 15 5 11
15 14 10 10 155 254 321 655 853 450 123 204 253 284 311 336 335 304 279 279 318 336 346 372 339 357 367 381 390 390 396 379 388 384 373 383 379 406 383 412 359 394 383 388 383 361 385 367 375 389 391 382 402 381 404 365 388 355 384 381 394 376 378 389 378 389 388 380 384 379 375 375 376 376 388 355 330 257 248 315 334 319 346 333 358 345 319 316 290 251 147 159 220 283 311 507 710 695 245 90 3 3 0 10 15 6 4 3
14 14 23 0 102 227 312 573 852 499 175 213 326 337 305 336 325 299 246 309 347 353 371 361 350 331 344 364 375 392 372 395 395 377 384 388 382 390 379 393 384 361 391 376 383 343 374 370 399 396 373 383 377 399 400 389 386 382 382 382 380 380 378 385 402 378 368 387 393 364 377 387 386 356 362 331 296 308 312 337 372 355 364 356 347 292 302 289 219 179 125 185 258 264 384 574 703 539 214 15 5 13 9 13 0 10 11 6
4 16 8 0 55 243 274 482 785 684 222 133 242 348 267 335 311 243 280 336 370 355 363 376 352 396 349 346 368 395 369 378 372 399 394 387 378 384 393 382 381 378 363 380 389 372 377 367 392 380 400 381 362 369 392 391 385 387 388 379 381 374 360 381 385 375 396 362 372 378 393 373 379 347 356 323 294 327 334 339 379 315 334 314 316 306 261 193 156 151 170 238 332 328 399 693 753 379 177 13 6 8 8 14 19 3 9 10
6 12 0 24 0 193 262 333 660 814 436 149 207 338 256 289 235 222 225 285 335 359 376 387 388 341 319 274 327 381 387 386 380 378 391 379 390 376 387 361 369 373 389 378 368 371 376 368 391 367 391 361 342 339 360 395 405 374 372 387 390 381 382 388 390 374 371 398 396 366 366 378 354 308 318 332 308 348 314 369 332 257 213 213 226 184 175 182 142 168 232 349 282 317 557 752 706 267 83 5 13 1 14 7 11 20 30 13
27 11 15 7 14 121 266 302 541 834 624 207 163 236 303 221 232 272 295 331 337 372 382 349 337 333 278 312 375 356 349 364 385 405 390 380 371 354 367 374 366 378 362 372 372 371 368 379 373 365 373 365 340 330 373 389 369 380 376 387 386 387 380 394 369 394 380 389 362 385 379 366 365 297 276 296 286 320 293 321 362 318 267 251 202 184 179 135 167 211 338 369 311 343 559 784 484 241 31 0 18 16 3 9 0 7 7 17
15 12 7 31 3 48 220 281 404 730 755 332 87 218 327 243 319 329 329 370 359 351 360 366 321 211 321 366 356 342 301 321 377 378 375 364 363 379 341 366 365 367 344 383 354 378 375 369 372 361 375 375 362 327 353 359 392 372 402 376 382 380 373 372 368 380 390 379 374 341 302 342 394 350 275 312 300 304 278 292 314 379 315 310 287 224 159 130 243 358 325 312 278 485 648 518 335 127 9 26 8 14 13 19 6 10 8 13
11 16 3 6 14 10 121 260 315 628 843 608 137 158 327 341 319 334 359 340 358 369 355 335 185 254 315 343 302 273 236 327 354 354 373 366 372 388 319 371 353 359 352 357 361 366 360 348 353 382 365 352 362 360 333 357 362 404 373 380 367 381 328 290 333 387 364 406 364 320 261 312 349 371 340 310 334 316 292 281 292 305 323 300 261 201 142 221 307 378 280 228 329 624 724 492 227 18 0 6 8 9 5 9 7 12 4 14
9 15 15 12 4 12 43 203 306 362 760 784 234 97 237 369 360 327 319 344 363 328 299 244 194 235 245 241 161 282 269 321 345 282 312 358 382 374 355 363 360 340 343 356 365 356 340 314 339 364 367 385 362 360 331 347 342 401 371 375 366 372 322 244 321 361 359 382 394 335 308 266 313 351 372 321 342 336 307 223 233 303 284 278 220 187 204 306 354 273 222 276 564 678 605 314 93 0 8 25 14 7 18 0 6 3 9 25
9 5 13 5 4 8 23 113 239 300 547 805 543 89 166 296 384 340 307 360 358 318 257 300 285 256 276 317 315 297 274 219 221 261 346 366 349 372 361 349 382 349 348 352 375 307 317 302 299 372 343 366 384 367 366 290 355 370 355 389 374 370 324 312 317 321 384 359 377 351 328 288 286 327 357 325 350 333 293 254 161 242 251 192 176 189 258 300 258 180 261 524 602 596 478 147 20 11 35 12 20 8 2 19 23 7 7 13
7 3 4 18 1 0 11 9 215 268 376 672 852 333 110 178 290 334 306 324 345 333 340 348 353 333 336 354 336 303 292 307 311 315 328 353 370 377 353 346 355 365 354 299 281 334 328 322 282 301 362 360 381 370 348 306 350 372 391 371 365 356 319 292 253 351 324 367 368 358 316 285 264 301 314 318 300 294 284 184 194 176 173 171 218 294 248 327 219 297 473 588 597 596 203 33 4 21 12 11 2 9 7 14 1 15 9 4
3 6 4 14 20 14 18 10 83 244 306 454 766 670 173 109 271 378 327 317 338 314 337 321 351 346 366 359 342 347 336 351 340 279 237 312 368 398 363 354 365 390 368 365 338 361 354 353 354 238 321 336 365 378 345 340 348 353 357 375 379 338 312 246 235 297 326 354 359 337 314 289 190 274 285 290 282 243 180 156 144 169 234 266 309 264 231 191 321 367 643 724 563 282 78 8 19 15 18 11 20 3 14 0 11 8 12 26
15 11 13 9 27 10 5 6 14 188 243 381 559 825 521 172 155 302 372 327 317 324 336 356 351 344 370 361 377 347 342 352 326 290 298 332 388 367 373 360 329 339 372 347 349 344 349 354 314 250 225 352 351 363 351 313 345 332 355 363 372 338 324 292 233 254 307 325 352 325 296 273 218 225 230 222 207 187 159 185 225 326 423 415 229 179 161 384 556 739 723 501 255 58 15 23 14 17 15 5 18 8 5 2 21 4 14 9
21 3 26 3 11 11 11 13 11 50 238 300 420 639 699 251 81 219 353 403 325 319 347 339 301 305 355 366 348 359 361 374 314 233 334 345 354 381 368 369 304 322 334 361 369 341 342 323 325 282 298 343 372 351 358 321 338 347 346 348 361 345 369 329 311 250 289 337 325 327 285 272 256 205 241 231 192 178 242 293 363 497 379 292 264 362 441 652 731 614 443 212 56 16 7 10 4 34 5 5 9 14 5 7 6 4 8 10
0 12 3 19 0 19 17 11 11 4 138 241 327 508 693 683 136 93 206 383 317 347 305 297 268 312 336 327 276 345 376 337 314 176 298 294 294 372 372 366 350 300 292 314 336 380 345 328 332 294 313 357 354 363 336 345 365 365 315 331 344 350 329 346 317 227 299 312 319 299 294 240 256 214 119 204 215 304 375 509 480 346 258 312 452 716 723 692 566 399 177 70 10 3 1 21 11 9 17 6 12 6 30 4 0 11 0 14
10 6 5 9 2 15 11 20 24 7 45 193 269 324 545 671 491 159 108 231 325 340 324 233 277 314 270 258 306 357 363 328 296 268 236 265 265 300 326 362 348 373 351 359 348 344 351 339 323 272 304 345 334 337 371 358 335 349 333 316 354 322 312 309 297 252 280 297 276 279 211 189 202 192 164 280 414 468 375 397 267 248 253 479 767 771 656 377 257 116 5 4 3 21 5 13 2 8 10 10 16 20 0 6 6 1 18 11
16 12 9 7 4 28 8 8 13 2 5 70 197 286 324 542 716 682 155 101 248 390 390 338 273 260 260 330 352 346 348 357 341 336 322 296 269 220 334 362 357 363 365 355 375 354 353 341 269 296 312 320 323 356 327 321 349 344 329 295 331 327 312 295 252 209 272 253 254 151 149 157 147 116 239 405 417 359 269 277 307 460 553 313 681 488 349 125 53 14 9 20 2 3 15 3 23 10 28 12 25 9 1 7 17 9 8 2
5 10 1 6 10 12 5 0 5 4 5 5 80 221 273 395 625 730 529 223 118 234 380 375 315 254 290 332 308 323 319 376 356 340 378 299 262 264 316 358 358 333 375 350 328 357 338 361 291 257 293 304 342 337 345 302 336 323 319 286 334 311 312 279 210 156 239 222 142 153 114 62 52 64 145 324 334 250 269 450 535 563 506 295 403 241 84 31 6 5 9 11 14 13 16 9 7 9 11 2 26 21 11 19 4 12 4 2
13 0 10 5 6 9 5 15 17 7 8 11 0 118 243 317 388 602 774 715 239 137 196 339 342 309 315 320 324 324 293 313 321 297 352 304 253 275 368 338 332 353 343 326 328 333 349 344 368 330 270 311 327 341 325 310 297 298 319 275 270 293 270 148 135 184 148 229 260 189 183 112 77 45 187 200 214 406 487 597 625 568 507 261 123 28 11 11 18 2 11 14 9 4 8 19 4 14 16 12 23 14 11 4 15 6 14 9
11 2 11 11 11 1 6 8 10 27 7 6 10 0 146 259 322 368 629 769 820 347 68 101 267 344 362 316 308 313 275 316 308 286 321 295 196 293 336 339 329 345 334 293 305 292 294 349 347 340 311 270 311 340 282 308 268 281 216 210 157 183 166 163 158 126 211 303 385 298 126 103 74 149 245 375 505 638 555 645 554 282 202 47 14 1 11 3 0 3 3 7 11 25 10 7 8 7 21 2 20 4 6 1 11 16 0 19
11 11 19 8 3 16 8 3 24 12 3 4 3 20 33 154 232 326 379 510 788 815 571 238 91 183 304 367 315 315 273 308 281 287 270 193 173 334 304 322 302 364 299 290 262 295 282 315 332 325 303 265 288 312 291 238 166 190 184 182 204 221 235 179 193 146 215 326 297 180 107 149 294 394 577 689 747 585 545 417 236 126 9 0 9 9 6 1 3 1 27 4 1 5 2 16 5 0 12 21 29 3 9 4 0 16 4 14
9 5 7 6 23 10 9 14 11 4 0 14 16 10 7 22 152 229 324 369 528 661 705 748 321 111 85 210 265 260 298 222 183 229 238 121 203 286 330 303 324 341 299 269 250 251 272 315 326 334 298 221 203 215 190 188 232 237 250 235 240 280 251 210 142 124 118 167 178 297 426 594 666 662 661 533 446 344 212 140 42 9 9 19 15 6 19 5 16 11 3 31 1 7 26 8 9 12 15 7 11 16 20 4 16 11 21 3
17 2 20 10 8 17 4 15 8 0 27 25 11 20 12 7 12 88 243 275 388 481 531 749 746 541 249 62 91 193 188 228 179 297 239 113 152 297 303 307 309 332 317 257 250 289 215 234 291 262 236 165 165 186 217 235 261 221 191 168 157 148 141 135 186 315 422 428 612 675 692 696 642 467 396 295 162 91 25 9 10 3 9 17 10 18 11 14 23 13 7 8 19 1 10 37 0 30 16 6 9 5 18 0 0 26 30 8
3 9 11 2 0 11 4 4 15 19 3 4 27 9 27 6 22 0 29 178 260 316 366 502 586 715 793 414 247 48 156 190 208 281 274 258 139 269 286 265 304 299 311 241 265 267 247 165 197 176 194 235 200 177 166 125 105 48 138 115 276 371 481 500 504 517 588 586 552 442 453 382 359 252 140 55 11 14 7 11 3 6 4 5 14 12 0 4 16 16 21 8 6 2 16 8 0 1 4 10 7 2 25 5 15 0 15 8
6 6 4 9 2 5 9 15 3 13 18 1 8 12 14 3 0 19 8 31 92 186 267 319 352 530 570 848 685 558 268 128 79 96 128 140 189 194 228 184 200 239 220 164 163 192 171 173 194 236 149 101 82 81 119 212 318 400 528 628 503 539 562 584 520 479 442 357 360 300 217 169 83 27 7 0 10 9 4 10 8 8 7 17 5 14 8 11 18 6 20 35 1 15 3 10 16 14 0 5 17 8 1 8 21 12 5 2
15 0 11 4 9 17 16 2 21 10 14 15 10 4 10 12 4 9 1 9 16 23 103 227 258 312 397 437 557 776 642 588 405 242 95 124 88 86 95 110 104 91 105 131 117 120 96 111 93 66 160 133 286 402 528 584 493 509 720 559 569 483 482 411 325 336 270 220 168 72 54 18 5 12 14 16 20 11 5 6 11 12 10 2 3 2 7 0 4 32 1 0 16 18 5 6 0 6 7 10 21 11 9 7 9 14 24 22
4 7 5 5 14 13 21 8 12 10 12 16 5 0 3 4 10 3 5 4 4 13 5 34 156 228 281 319 394 557 561 693 620 580 364 406 295 154 195 95 50 57 69 58 112 81 183 166 233 467 452 540 626 649 690 735 631 549 467 416 352 310 376 317 224 224 111 84 8 6 5 1 11 6 9 6 5 10 8 17 23 5 9 12 15 1 9 9 15 9 6 19 8 18 11 9 11 4 15 9 3 10 15 0 9 10 4 15
9 3 7 16 2 15 9 6 7 6 11 5 19 6 10 14 8 18 0 2 8 22 7 8 19 61 175 230 245 319 390 459 561 697 606 594 596 587 475 517 510 426 414 549 394 547 432 533 676 686 727 702 634 541 452 444 364 346 295 263 212 213 209 185 107 37 15 5 2 22 9 5 3 6 10 8 15 2 4 9 12 8 9 18 8 8 14 6 3 4 12 6 3 21 11 3 13 7 0 14 4 4 22 4 0 3 15 0
5 17 14 4 6 10 7 10 12 10 17 7 0 2 3 4 7 5 11 4 7 15 12 15 11 5 10 89 163 232 300 303 365 465 493 557 690 671 655 712 607 602 680 684 627 736 620 650 588 546 504 425 357 352 286 319 271 186 143 91 42 32 14 12 7 1 9 0 2 23 13 5 5 13 2 8 29 31 10 7 0 4 1 9 2 28 10 10 7 16 27 17 12 8 9 6 4 21 14 15 11 12 13 3 8 14 3 16
6 3 5 14 10 20 10 5 6 8 30 2 23 17 9 2 0 5 17 1 11 10 13 4 13 16 2 0 17 58 157 215 249 304 347 332 405 427 433 435 399 456 379 393 376 359 362 415 354 319 327 268 195 173 161 87 68 15 8 9 8 7 28 7 3 6 6 11 3 15 28 15 12 0 2 18 7 2 6 7 5 2 15 4 8 6 14 10 6 23 5 17 10 19 7 2 8 8 32 3 18 10 3 3 4 9 10 12
7 39 6 5 4 13 6 9 2 4 9 22 4 7 22 12 2 5 6 0 18 3 2 15 21 6 0 8 10 8 3 23 96 148 184 238 275 258 262 250 238 211 191 206 206 197 161 193 145 151 115 60 17 0 13 22 1 19 25 12 17 3 16 13 2 7 6 4 8 24 12 11 2 23 19 7 0 10 2 1 13 15 3 4 1 14 12 4 7 2 1 9 5 11 8 0 12 8 11 9 16 2 10 2 2 9 2 4
6 0 9 21 13 13 6 4 4 15 5 11 1 15 5 13 3 5 26 25 8 4 17 21 4 3 10 10 7 16 28 8 2 0 18 20 51 51 43 30 0 0 15 3 9 8 7 14 2 13 10 4 21 4 16 11 0 0 8 5 17 13 13 19 2 8 18 35 11 6 15 8 2 1 22 16 2 5 10 6 3 8 16 4 4 13 9 7 15 3 21 20 3 11 22 1 6 7 19 7 10 30 6 2 10 6 5 1
20 16 14 6 0 7 15 14 16 4 2 20 11 9 10 8 9 3 27 7 26 10 8 18 12 2 3 4 2 23 9 0 32 13 5 5 2 19 4 13 4 17 6 5 18 2 35 12 4 14 4 3 4 19 28 9 7 12 4 28 14 15 16 6 5 19 8 15 10 20 13 12 17 8 12 0 2 5 7 4 0 4 7 6 4 0 4 0 12 15 13 5 18 8 9 10 23 5 7 6 15 8 6 14 10 10 5 12
